from_stop_id,to_stop_id,transfer_type,min_transfer_time
1888,9043,0,
1888,2939,0,
11108,12074,0,
1477,1394,2,300
1477,1393,2,300
1477,1858,2,300
1477,1477,0,
1885,1866,0,
1885,1885,0,
11940,12230,0,
11940,11943,0,
11940,12332,0,
11940,11942,0,
11940,12022,0,
11940,11941,0,
11940,8033,2,120
8139,1482,0,
8139,1709,0,
8139,963,0,
11827,10436,2,420
11827,3317,2,300
11827,11827,0,
1886,10092,0,
1886,1865,2,300
1886,1886,0,
1892,1892,0,
2742,12318,0,
2742,1482,2,300
2742,1709,2,120
2742,963,0,
2742,1387,0,
12241,12232,0,
12241,12233,2,300
12241,12240,2,360
1391,2769,0,
1391,1479,0,
1391,1391,0,
1858,1394,0,
3178,3220,0,
3179,3179,0,
3180,3218,2,300
12020,12230,0,
12020,12231,0,
12020,11943,0,
12020,12332,0,
12020,11942,0,
12020,12022,0,
12020,11941,0,
12020,8020,2,120
3181,11943,2,600
3181,11942,2,600
3181,3181,0,
3331,12267,2,300
3331,12272,0,
3333,12277,2,300
3333,3954,2,300
3198,3975,2,300
3198,10132,2,300
3906,3053,0,
3906,3927,0,
3906,3394,0,
3906,3204,0,
3906,3533,0,
3906,3067,0,
3906,8021,2,120
3906,8032,2,120
3906,3334,0,
3906,3904,0,
3906,7643,0,
3906,3195,0,
3057,12074,0,
3057,3480,0,
3057,3057,0,
3057,11108,0,
3058,3062,0,
3058,3058,0,
3059,3728,0,
3059,3479,2,300
3779,3822,0,
3779,3806,0,
3779,3385,0,
3779,3478,0,
3779,8022,2,120
3056,3064,2,300
3056,9494,2,360
1393,1394,2,360
1865,10092,0,
1865,1865,0,
11402,10436,0,
11402,3317,2,360
11402,11402,0,
3317,10436,2,360
3317,3317,0,
3317,11827,2,300
12242,12233,2,360
12242,12242,0,
9714,12208,2,360
9714,9714,0,
3908,12238,2,300
3908,3782,2,360
12263,12263,0,
3195,12234,0,
3195,12235,0,
3195,3053,0,
3195,3927,0,
3195,3394,0,
3195,3204,0,
3195,3769,0,
3195,3533,0,
3195,12018,0,
3195,3067,0,
3195,8021,2,120
3195,8032,2,120
3195,3334,0,
3195,3904,0,
3195,7643,0,
3195,3195,0,
3195,3906,0,
3984,10138,2,300
11959,11952,0,
11557,11556,0,
10592,11407,0,
9981,10139,0,
10134,10134,0,
3904,12234,2,360
3904,12235,0,
3904,3053,0,
3904,3927,0,
3904,3394,0,
3904,3204,0,
3904,3769,0,
3904,3533,0,
3904,3067,0,
3904,8021,2,120
3904,8032,0,
3904,3334,0,
3904,3904,0,
3904,7643,0,
3904,3195,0,
3904,3906,0,
3968,3979,0,
10132,3784,2,300
10132,3975,2,300
10132,3198,0,
3973,3801,2,300
3973,12028,0,
9282,9414,0,
9282,9282,0,
3975,3784,2,300
3975,3198,0,
10145,10145,0,
10145,9283,0,
4644,4674,0,
4644,4644,0,
8643,8643,0,
1487,1487,0,
4491,4660,2,120
4491,11867,0,
4491,4461,0,
4491,4491,2,120
4647,4670,0,
4652,4652,0,
4652,4665,0,
4654,4832,0,
4461,11867,0,
4461,4461,2,120
981,635,2,480
981,981,0,
981,1487,0,
983,1856,2,480
984,8077,2,420
984,8040,2,360
984,409,2,360
984,534,2,300
984,44,0,
984,4882,2,360
984,76,2,600
4658,82,2,480
4658,10670,0,
985,11272,2,300
985,4881,2,480
985,11522,2,300
985,11523,0,
985,4882,2,300
985,10399,2,480
985,11535,2,480
8028,7777,2,120
8028,9667,2,120
8029,7827,2,120
8029,7658,2,120
8029,7727,2,120
8030,11559,2,120
8030,7736,2,120
8030,7650,0,
8031,3822,2,120
8031,3806,2,120
8031,3728,2,600
8031,3385,2,120
8031,3816,2,120
8031,3478,2,120
8031,3779,2,120
8032,12234,0,
8032,12235,0,
8032,3053,2,60
8032,3927,2,120
8032,3394,2,120
8032,3204,0,
8032,3769,0,
8032,3533,2,120
8032,3067,2,120
8032,3334,2,120
8032,3904,2,120
8032,7643,2,120
8032,3195,2,120
8032,3906,2,120
8033,12230,0,
8033,11943,2,120
8033,12332,2,120
8033,11942,2,120
8033,12022,2,120
8033,11941,2,120
8033,11940,2,120
8034,8039,2,300
8034,11302,2,480
8034,11438,2,480
8034,40,2,480
8034,10553,2,480
8034,189,2,540
8034,12368,2,480
8034,9069,2,480
8034,938,2,420
8034,971,2,540
8034,35,2,480
8034,8035,2,480
8034,95,2,540
8034,78,2,480
8020,12230,0,
8020,12231,0,
8020,11943,0,
8020,12332,2,120
8020,11942,2,120
8020,12022,2,120
8020,11941,2,120
8020,12020,2,120
8021,12235,0,
8021,3053,2,120
8021,3927,2,120
8021,3394,2,120
8021,3204,0,
8021,3769,0,
8021,3533,2,120
8021,3067,2,120
8021,3334,2,120
8021,3904,2,120
8021,7643,2,120
8021,3195,2,120
8021,3906,2,120
8022,3822,2,120
8022,3806,2,120
8022,3385,2,120
8022,3478,2,120
8023,11559,2,120
8023,7650,2,120
8024,7743,2,120
8024,7827,2,120
8024,7658,2,120
8024,7727,2,120
8025,7777,2,120
8025,9667,2,120
8025,7768,2,120
12321,3204,2,120
6730,12207,2,600
6730,12205,2,360
8283,8483,2,360
8283,8484,2,420
8283,6781,2,600
7468,7635,2,120
7468,7591,2,120
7468,6736,2,120
7468,5216,2,120
6734,12207,2,600
6734,12205,2,360
6734,6734,0,
6734,6730,2,360
6727,7635,2,120
6727,7591,2,120
6727,6736,2,120
6727,7469,2,120
6727,5216,2,120
6727,6727,2,120
6727,7468,2,120
8282,6706,2,300
8282,8485,2,360
8282,8283,2,480
11270,11788,0,
11270,11288,0,
11270,11289,0,
11270,11246,0,
11270,11250,0,
11270,11256,0,
11270,11268,0,
11270,11269,0,
11270,11253,0,
11270,11267,2,120
11270,11266,0,
11270,11248,0,
76,8040,2,420
76,12375,2,360
76,8535,2,420
76,9307,0,
76,76,0,
76,9128,2,480
77,11302,2,360
77,11438,2,360
77,10400,2,300
77,11526,0,
77,11616,0,
77,96,0,
77,77,0,
414,2737,2,300
410,1856,2,300
410,410,0,
78,11438,2,360
78,12368,2,420
78,938,2,360
78,35,2,480
78,8035,2,540
78,95,0,
78,78,2,120
78,8019,2,480
1824,2032,0,
1824,2004,0,
1828,1076,0,
1828,1133,0,
669,11623,0,
669,701,0,
669,668,0,
1832,8071,0,
1832,8046,0,
1832,1615,0,
1832,12393,0,
1832,11762,0,
1832,1065,0,
1832,1832,0,
11638,11534,2,360
11638,411,2,300
11638,80,0,
11638,939,2,360
11638,11638,0,
96,8041,2,420
96,11302,2,360
96,11438,2,360
96,12368,2,480
96,11706,2,420
96,10400,2,360
96,4881,2,360
96,11526,0,
96,11616,0,
96,10399,2,360
96,35,2,480
96,12036,2,300
96,96,0,
96,77,0,
96,8019,2,540
96,4495,2,420
9307,12375,2,300
9307,8535,2,420
95,12368,2,420
95,35,2,480
95,8035,2,600
95,95,0,
95,79,0,
95,78,0,
95,8019,2,480
8036,4471,2,120
8036,10867,2,120
8036,4210,2,120
8036,4568,2,120
8036,4459,2,120
8036,4242,2,120
8036,4475,2,120
8038,8039,2,360
8038,11302,2,480
8038,11438,2,480
8038,40,2,480
8038,189,2,600
8038,12368,2,480
8038,9069,2,480
8038,10400,2,480
8038,4881,2,600
8038,938,2,480
8038,971,2,540
8038,10399,2,600
8038,35,2,480
8038,95,2,600
8038,96,2,600
8038,78,2,600
8038,12138,2,480
12213,12213,0,
3825,3064,2,420
7644,12043,2,420
3852,3881,0,
3852,3852,0,
3855,3831,2,360
3856,3898,2,360
3856,3856,0,
3865,9388,0,
3865,3865,0,
3868,3868,0,
3065,3055,2,360
3066,3054,2,360
3869,7742,2,420
3869,3825,2,480
4154,4154,0,
4113,4074,2,300
4067,4474,2,120
4067,4381,2,120
4067,452,2,120
4067,4163,2,120
4067,451,2,120
4067,1775,2,120
4067,4119,2,120
4067,1761,2,120
4067,4143,2,120
4067,10873,2,120
4067,4067,2,120
4077,4077,0,
10873,4474,2,120
10873,4381,2,120
10873,452,2,120
10873,4163,2,120
10873,451,2,120
10873,1775,2,120
10873,4119,2,120
10873,1761,2,120
10873,4143,2,120
10873,4067,2,120
3479,3479,0,
3479,3059,0,
8691,8755,0,
8691,8746,0,
8691,12227,0,
8691,8672,0,
8691,8657,0,
8691,8676,0,
8691,8685,0,
8691,8688,0,
8691,8690,0,
8691,8689,0,
8691,8687,0,
8691,8691,0,
10860,12230,0,
10860,12231,0,
10860,11943,0,
10860,12332,0,
10860,11942,0,
10860,12022,0,
10860,11941,0,
10860,8020,2,120
10860,8033,2,120
10860,12020,0,
10860,11940,0,
3153,3245,2,360
3155,12229,0,
3155,12210,0,
3155,12211,0,
3155,12212,0,
3218,3218,0,
3239,3159,0,
3243,12228,2,300
3243,12229,2,300
3243,12210,2,300
3243,12211,2,300
3243,12212,2,300
3243,3155,2,300
11307,2892,2,300
11307,3151,2,360
12214,12214,0,
9257,9257,0,
3878,3898,2,360
3878,3878,0,
3878,3856,2,360
3878,3855,2,360
8408,7646,2,360
11318,11962,2,540
11318,11114,2,600
3903,9240,2,420
3903,3826,2,420
7742,12165,2,420
7742,3872,2,480
7742,3056,2,420
779,8622,2,480
779,857,0,
779,779,0,
235,8074,0,
235,8043,0,
235,235,0,
778,2120,2,420
778,9052,2,480
778,857,2,420
778,779,2,420
782,10620,0,
782,10619,0,
785,1147,2,360
789,1580,0,
789,1533,0,
793,11022,0,
793,11010,0,
801,2044,0,
801,1992,0,
797,12134,0,
797,650,0,
797,718,0,
12036,8041,2,420
12036,11302,2,420
12036,10400,2,120
12036,4881,2,120
12036,11526,0,
12036,10399,2,120
12036,12036,2,120
12036,8035,2,600
12036,96,2,120
12036,77,0,
12036,4495,2,480
10814,10352,0,
10814,10363,0,
36,36,0,
231,231,0,
11535,8041,2,360
11535,11272,2,480
11535,11438,2,480
11535,12368,2,480
11535,12375,2,600
11535,8535,2,600
11535,11706,0,
11535,4881,2,480
11535,11525,2,360
11535,35,2,480
11535,11535,0,
11535,8035,2,600
11535,95,2,360
11535,96,2,360
11535,78,2,360
11535,4495,2,360
11252,11286,0,
11252,11287,0,
11252,11251,0,
9103,810,0,
9103,2156,2,300
2234,142,2,360
2234,2153,2,300
809,810,2,360
809,2156,2,360
35,8039,2,360
35,11302,2,420
35,40,2,300
35,12368,0,
35,9069,2,300
35,10400,2,600
35,4881,2,600
35,35,0,
35,12036,2,600
35,8035,2,480
35,8019,2,480
10141,9174,0,
10141,3900,0,
10141,10141,0,
3885,3885,0,
3478,3822,0,
3478,3806,0,
3478,3385,0,
3478,8022,2,120
3478,8031,2,120
3480,12074,0,
3480,3057,0,
3480,11108,0,
12043,7644,2,420
3816,3822,0,
3816,3806,0,
3816,3385,0,
3816,3478,0,
3816,8022,2,120
3816,8031,2,120
3816,3779,0,
3890,3843,0,
3842,9365,0,
3842,3842,0,
12165,3064,2,300
12165,3825,2,360
12074,11108,2,300
3068,3068,0,
3069,3069,0,
3847,3847,0,
3064,3825,2,480
11949,11957,0,
11949,11949,0,
9365,3842,0,
3843,3843,0,
9643,9643,0,
3943,9179,0,
3943,3943,0,
3965,9255,0,
12264,9178,0,
12264,3984,0,
3533,12234,0,
3533,12235,0,
3533,3053,0,
3533,3927,0,
3533,3394,0,
3533,3769,0,
3533,3067,0,
3533,8032,2,120
3533,3334,0,
3533,3904,0,
3533,7643,0,
3533,3195,0,
3533,3906,0,
9179,3944,2,300
9179,9179,0,
9179,3943,0,
9311,9255,0,
9339,9338,2,300
9339,9339,0,
9339,9344,2,300
9650,9650,0,
3214,3214,0,
3769,12234,0,
3769,12235,0,
3769,3053,0,
3769,3927,0,
3769,3394,0,
3769,3204,0,
3769,3533,0,
3769,3067,0,
3769,8032,2,120
3769,3334,0,
3769,3904,0,
3769,7643,0,
3769,3195,0,
3784,3975,2,300
3784,10132,2,300
3314,12277,0,
3314,3954,0,
3315,12267,0,
3315,12272,0,
9380,3903,2,480
9240,7644,2,360
9379,3064,2,300
3900,9174,0,
11712,11716,0,
11712,8064,0,
11712,8053,0,
11712,11715,0,
11712,11711,0,
11712,11710,0,
11712,11718,0,
11712,11712,0,
7444,7562,0,
7444,7503,0,
7444,7444,0,
7445,7445,0,
7446,7533,0,
7446,7493,0,
7446,7501,0,
7449,7555,0,
7449,7450,2,120
7450,7489,2,120
7450,7450,2,120
7460,7460,0,
7464,7576,0,
7464,7475,2,360
5216,7635,2,120
5216,7591,2,120
5216,6736,2,120
5216,7469,2,120
5216,5216,2,120
5216,7468,2,120
6738,5218,0,
6738,6738,0,
12205,12205,0,
12205,6734,2,360
12205,6730,2,360
12206,12207,2,360
11719,11715,0,
11719,11710,0,
11719,11718,0,
11719,11719,0,
4143,4474,2,120
4143,4381,2,120
4143,452,2,120
4143,4163,2,120
4143,451,2,120
4143,1775,2,120
4143,4119,2,120
4143,1761,2,120
4143,4143,2,120
4143,10873,2,120
4143,4067,2,120
4071,4116,0,
10631,11278,2,360
10631,11279,2,360
10631,417,0,
10631,486,2,300
11930,11272,2,420
11874,8750,2,300
11874,8759,2,300
11874,11878,2,360
11874,11873,2,300
11874,11875,2,360
11874,11876,2,360
11874,11877,2,360
11874,11874,0,
10619,10619,0,
10619,782,0,
11088,11278,2,300
11088,11279,2,300
11088,417,0,
11088,486,0,
11088,11087,0,
8687,8755,0,
8687,8746,0,
8687,12227,0,
8687,8672,0,
8687,8657,0,
8687,8676,0,
8687,8685,0,
8687,8688,0,
8687,8690,0,
8687,8689,0,
8687,8687,0,
8687,8691,0,
12073,8073,2,360
12073,8044,2,360
12073,8754,0,
12073,8763,2,300
12073,11606,2,300
12073,972,0,
12073,1230,2,360
888,240,0,
888,176,0,
888,9052,0,
217,9136,0,
217,545,0,
217,8640,0,
217,330,0,
217,217,0,
2869,3130,2,120
10034,8747,0,
10034,8756,0,
10034,10971,2,300
10034,9952,2,300
10034,10972,2,120
10034,10034,0,
10021,8679,2,360
10021,8659,2,420
10021,8680,2,360
10017,8683,0,
10017,8697,2,300
8743,9505,2,360
8743,8674,2,360
8743,8673,2,360
8743,8743,0,
911,11095,0,
911,1721,0,
911,1697,0,
689,728,0,
689,690,0,
924,1361,0,
924,1301,0,
857,8622,0,
857,778,2,420
932,932,0,
470,470,0,
4879,584,2,600
4879,542,2,360
4879,405,2,480
915,1092,0,
915,1055,0,
10399,8041,2,360
10399,11706,2,360
10399,10400,0,
10399,4881,0,
10399,10399,0,
10399,12036,2,120
10399,4495,2,480
1013,10694,2,600
1013,10424,2,300
1013,12334,2,300
1013,98,2,540
10882,4228,0,
10882,4018,0,
10882,10879,0,
10882,10882,0,
4263,4263,0,
1761,4474,2,120
1761,4381,2,120
1761,452,2,120
1761,4163,2,120
1761,451,2,120
1761,1775,2,120
1761,4119,2,120
1761,1761,2,120
1761,4143,2,120
1761,10873,2,120
1761,4067,2,120
7478,7478,0,
7478,7461,2,360
7489,7489,2,120
7489,7450,0,
7501,7493,0,
7501,7501,0,
7503,7503,0,
12207,12220,2,360
12207,12207,0,
12207,12206,2,300
12207,6734,2,600
12207,6730,2,600
5242,5218,2,360
5242,6728,0,
5242,6738,0,
7469,7635,2,120
7469,7591,2,120
7469,6736,2,120
7469,5216,2,120
4239,4239,0,
4239,4231,0,
10879,4228,2,300
10879,4018,0,
10879,10879,0,
10879,10882,0,
4045,4045,0,
4015,4055,0,
4015,4015,0,
4016,4054,0,
354,599,2,300
359,358,0,
359,596,0,
359,359,0,
361,318,0,
361,317,2,300
361,9530,0,
361,361,0,
361,674,2,360
675,675,0,
596,596,0,
7429,7495,0,
7493,7533,0,
7493,7493,0,
7493,7446,0,
6339,11364,0,
6339,6339,0,
6173,6340,2,300
6173,5543,2,300
6173,6195,2,300
6173,6357,2,300
6172,6197,2,300
6172,6357,0,
6172,6172,0,
6298,6298,0,
5436,6088,2,360
5436,6340,2,120
5436,6139,2,300
5436,8854,0,
5436,5543,2,360
5436,11704,2,360
5436,6174,0,
5436,6195,2,120
5436,5436,2,120
6335,6362,0,
6297,6261,2,300
6297,6297,0,
6195,6088,0,
6195,6139,2,360
6195,8854,2,360
6195,5543,0,
6195,6174,2,420
6195,6195,0,
5539,5539,0,
5542,6088,2,360
5542,6340,2,360
5542,5542,0,
6728,5218,0,
4107,4080,0,
4107,4107,0,
4107,4168,0,
4138,4123,2,300
4138,4164,2,300
7259,12173,2,300
7259,5352,0,
7259,7214,0,
7259,7166,0,
7259,7207,0,
7259,7095,2,120
7259,7259,2,120
7192,7192,0,
7198,7188,0,
7198,11753,0,
7198,7198,0,
7199,7187,2,360
7086,7172,2,300
7086,7086,0,
7093,7097,0,
7093,7093,0,
8936,7186,0,
8936,7200,0,
8936,8936,0,
8946,7172,2,360
7070,7070,0,
9435,10747,2,360
9435,10748,2,300
5360,5345,0,
5360,7169,2,300
5360,7150,0,
9592,9591,0,
9592,9592,0,
7144,8299,2,360
7145,10629,2,360
7145,7101,0,
5336,5380,0,
5336,8989,2,600
5336,5336,0,
5337,7209,2,360
7095,5352,2,120
7095,7214,0,
7095,7166,0,
7095,7207,0,
7095,7095,0,
7095,7259,2,120
8989,9492,2,480
8989,9020,0,
8989,11232,2,300
8989,8989,0,
10199,6475,0,
10199,9306,2,360
10874,7117,2,300
11807,11801,0,
11807,11798,0,
11807,11809,0,
11807,11810,0,
11807,11799,0,
5274,6060,0,
5274,5275,2,420
5274,5419,0,
5180,9720,2,480
5180,5183,2,420
5180,5180,0,
7125,7123,0,
3428,2738,2,300
3428,429,2,360
3428,942,0,
3428,231,2,300
737,742,0,
737,442,2,600
737,678,0,
3429,81,2,480
3429,3429,0,
971,411,2,360
971,189,0,
971,939,0,
971,971,0,
971,8035,2,600
971,95,2,360
971,79,2,360
971,8019,2,540
3129,3029,0,
3129,1875,0,
503,2739,0,
503,1244,0,
503,503,0,
968,1046,0,
1387,12318,2,300
1387,1482,0,
1387,1709,2,300
1387,963,2,300
1387,1387,0,
1387,2742,2,300
1387,8139,2,300
938,11438,2,360
938,12368,2,300
938,938,0,
938,35,2,300
938,8035,2,480
938,8019,2,480
959,959,0,
962,962,0,
955,678,0,
955,955,0,
955,737,0,
1870,2938,0,
1870,8802,0,
1873,1877,0,
834,2044,0,
834,1992,0,
842,11022,0,
842,11010,0,
847,1580,0,
847,1533,0,
850,1206,2,360
850,1147,2,360
853,10620,2,300
8622,2120,0,
8622,9052,0,
8622,857,2,360
8622,779,2,360
177,238,2,300
178,238,0,
178,9067,0,
179,10352,0,
179,10363,0,
181,8074,0,
181,8043,0,
181,10435,2,300
181,1286,2,480
181,181,0,
181,235,0,
184,1283,2,360
838,12134,0,
838,650,0,
838,718,0,
11251,11286,0,
11251,11287,0,
11251,11251,0,
2153,142,2,360
5593,11860,0,
5593,5701,2,480
5593,6000,0,
5593,5743,0,
5593,5633,0,
5593,5700,0,
5593,11861,2,300
5593,6077,0,
5593,5464,0,
5593,5509,0,
5593,5593,0,
6019,11123,0,
6019,11124,0,
6124,6028,2,300
6124,6053,0,
6124,6124,0,
6039,10701,2,360
6039,6038,2,360
6039,10189,0,
5311,5311,0,
5341,11775,2,300
5341,5365,0,
5341,5376,0,
5342,5364,0,
10188,10188,0,
659,1130,0,
659,709,0,
1218,2035,0,
1218,2000,0,
663,11015,0,
663,11009,0,
665,1198,0,
665,666,0,
1242,2739,2,300
1242,437,2,600
1242,951,0,
1230,8073,0,
1230,8044,0,
1230,8754,2,420
1230,8763,2,480
1230,11606,0,
1230,11588,2,300
1230,12073,2,300
2156,10439,2,300
2156,9103,2,300
2160,7025,0,
2160,1337,2,600
2160,1328,2,600
2160,1329,0,
12066,12064,2,360
330,9136,0,
330,9055,0,
330,217,0,
11588,8073,2,300
11588,8044,2,300
11588,8763,2,360
11588,972,0,
11588,11588,0,
11588,1230,0,
4887,4887,0,
879,879,0,
880,2118,0,
880,9054,0,
886,240,0,
886,176,0,
886,778,2,420
892,1361,0,
892,1301,0,
898,728,0,
898,690,0,
902,1092,0,
902,1055,0,
906,8761,2,420
906,11095,0,
906,1721,0,
906,1697,0,
10018,8683,0,
10018,8697,0,
10023,11450,0,
10023,2590,0,
8742,1782,0,
8742,8742,0,
8673,8751,0,
8673,8760,0,
8673,9505,0,
8673,8674,0,
8673,8673,0,
8673,8743,2,420
10972,8747,0,
10972,8756,0,
10972,10971,2,120
10972,9952,2,120
10972,10972,2,120
10972,10034,2,300
4882,11272,2,420
4882,4882,0,
10620,10619,2,300
10620,782,0,
11542,26,0,
11877,8750,2,360
11877,8759,2,360
11877,11878,2,480
11877,11873,2,360
11877,11875,2,300
11877,11876,0,
11877,11877,0,
11877,11874,2,300
12156,334,0,
11357,11278,2,300
11357,11279,2,300
11357,417,0,
11357,486,0,
11357,11352,0,
56,11016,0,
56,114,0,
59,322,2,300
60,569,2,300
60,11113,0,
62,397,0,
75,48,0,
75,74,0,
75,11427,2,480
75,11542,2,480
30,623,2,600
30,534,2,540
30,193,2,1200
30,11481,0,
30,45,0,
30,11528,2,900
30,30,0,
30,4883,2,480
30,10399,2,540
1856,1856,0,
1856,1483,2,360
1856,410,2,360
31,8077,2,360
31,8040,2,360
31,11272,2,540
31,534,2,300
31,4496,0,
31,11523,2,540
31,10399,2,480
31,11535,2,540
31,984,2,300
31,9128,0,
646,1907,0,
646,647,0,
646,744,2,300
646,301,0,
1276,1510,2,300
1276,122,2,300
63,397,0,
63,1379,0,
63,591,0,
1857,409,0,
1857,8535,2,300
6310,6249,2,300
6310,6310,0,
5547,6321,2,360
5547,5432,2,300
5547,5547,0,
10856,11757,2,300
10856,10856,0,
6135,6135,0,
5434,5545,0,
5435,5435,0,
11583,11583,0,
1244,2739,2,300
1254,1130,0,
1254,709,0,
8913,8754,2,360
8913,8763,2,360
704,1198,0,
704,666,0,
706,11015,0,
706,11009,0,
1258,2035,0,
1258,2000,0,
1266,1846,0,
1266,2225,0,
972,8073,2,300
972,8044,2,300
972,11606,0,
972,11588,2,300
972,12073,2,300
2225,1211,0,
2225,2162,2,360
2227,7025,0,
2227,1337,2,480
2227,1328,2,480
2227,1329,0,
2231,827,2,360
810,10439,2,300
810,9103,2,300
11606,8073,2,300
11606,8044,2,300
11606,8754,2,300
11606,8763,2,300
11606,972,0,
11606,1230,2,300
12355,12175,2,360
12355,10432,2,360
12355,12056,2,300
12355,12057,0,
12355,12340,2,300
12355,12290,2,360
12355,12289,2,300
12355,12085,2,300
12355,12178,2,360
9052,240,0,
9052,176,0,
9052,8622,0,
9052,888,0,
9052,778,2,480
8640,9136,0,
8640,545,0,
8640,217,0,
11113,110,0,
11113,60,0,
1018,869,0,
1018,9551,0,
1018,767,0,
1018,1018,0,
1027,1120,2,360
1027,1027,0,
1031,292,0,
1031,386,0,
1039,1596,0,
1039,1514,0,
1042,11023,0,
1042,11013,0,
1045,565,0,
1045,11422,0,
329,9080,0,
1055,902,0,
1055,915,0,
1061,1570,0,
1061,1544,0,
8907,8753,0,
8907,8762,0,
1065,8071,0,
1065,8046,0,
1065,1615,0,
1065,12393,0,
1065,11762,0,
1065,1065,0,
1065,1832,2,120
11423,11454,2,300
11426,12348,2,300
11429,25,0,
11429,26,2,360
11429,98,2,540
11523,11272,2,300
11523,11706,2,300
11523,11523,0,
11523,4495,2,300
11525,8041,2,360
11525,11525,0,
11525,11535,2,360
11616,11438,2,360
11616,96,0,
11616,77,0,
1086,1570,0,
1086,1544,0,
1092,902,0,
1092,915,0,
1101,959,2,300
545,9136,0,
545,9055,0,
545,545,0,
545,8640,0,
545,330,0,
545,217,0,
1105,11023,0,
1105,11013,0,
1108,1596,0,
1108,1514,0,
1116,292,0,
1116,386,0,
185,1283,2,360
185,524,2,360
185,231,2,300
11427,25,0,
11427,26,2,360
11526,12375,2,540
11526,8535,2,540
11526,11706,2,120
11526,10400,0,
11526,11526,0,
11526,11616,0,
11526,96,0,
11526,77,0,
11524,8041,2,360
11524,11272,2,300
11524,44,2,600
11524,11706,0,
11524,11524,0,
11524,4495,2,300
1091,8753,2,300
1091,8762,2,300
1070,1156,0,
1070,1071,0,
1071,1156,0,
1071,1071,0,
1071,1070,0,
4881,8041,2,420
4881,12375,2,480
4881,8535,2,480
4881,11706,2,420
4881,10400,2,60
4881,4881,2,120
4881,10399,2,120
4881,12036,2,120
4881,4495,2,480
4881,9128,2,480
10400,10400,0,
10400,4881,2,60
10400,10399,2,60
10400,12036,0,
10400,96,2,360
678,678,0,
678,955,2,300
4496,44,0,
4463,11639,2,360
4463,11645,0,
4463,4463,0,
4468,11708,2,360
4456,11367,0,
4456,4456,0,
4500,4329,0,
4505,4516,0,
4505,4505,0,
4191,4301,0,
4191,4243,0,
4191,4191,0,
4224,4830,0,
4224,4061,0,
4224,4224,0,
4504,4517,0,
4504,4504,0,
1959,404,0,
591,397,0,
591,1379,0,
591,591,0,
591,63,0,
12178,11794,2,600
12178,12175,2,300
12178,10432,2,300
12178,12056,2,420
12178,12057,2,420
12178,12340,2,480
12178,12290,2,480
12178,12289,2,480
12178,11793,2,600
12178,11792,2,600
12178,12085,2,420
12178,12178,0,
9069,11302,2,300
9069,35,2,300
9069,8035,2,480
9069,8019,2,480
8535,12375,0,
8535,8535,0,
2118,881,2,300
2118,933,0,
8916,8073,2,360
8916,8044,2,360
8916,8754,2,300
8916,8763,2,300
8916,8913,2,300
8916,11588,0,
8916,1230,0,
322,110,0,
322,322,0,
322,60,0,
9051,1361,0,
9051,1301,0,
9530,318,0,
9530,317,2,300
9530,361,2,360
9530,674,0,
2120,240,0,
2120,176,0,
2120,8622,0,
2120,778,2,420
9055,9136,0,
9055,330,0,
9055,217,0,
11454,1102,2,300
9608,9608,0,
55,55,0,
98,48,2,300
110,569,0,
110,322,0,
110,11113,0,
114,11016,0,
114,114,0,
114,56,0,
1379,397,0,
1379,591,2,300
108,591,0,
12375,12375,0,
113,11016,0,
113,114,0,
122,1510,2,300
122,122,0,
122,1276,2,300
296,132,0,
297,297,0,
297,381,0,
12368,8039,2,360
12368,11302,2,420
12368,40,0,
12368,9069,2,300
12368,10400,2,540
12368,4881,2,600
12368,35,0,
12368,12036,2,540
12368,8035,2,480
12368,8019,2,480
169,1583,0,
169,1530,0,
151,2047,0,
151,1988,0,
155,11632,0,
155,255,0,
165,11020,0,
165,11500,0,
176,2120,0,
176,9052,0,
176,886,0,
176,888,0,
248,1583,0,
248,1530,0,
251,11020,0,
251,11500,0,
256,11632,0,
256,255,0,
10812,2047,0,
10812,1988,0,
267,2153,2,480
267,2234,2,480
240,2120,0,
240,9052,0,
240,886,0,
240,888,0,
437,437,0,
448,450,2,300
11527,11438,0,
351,603,0,
351,351,0,
11792,10448,2,360
11792,12056,2,360
11792,12057,2,420
11792,12340,2,420
11792,12290,2,360
11792,12289,2,360
11792,12178,2,600
357,357,0,
358,358,0,
358,596,0,
358,359,0,
397,1379,0,
397,63,0,
405,2081,0,
405,584,0,
405,405,0,
405,4887,2,480
405,4879,2,480
407,4887,2,360
497,676,2,300
497,497,0,
497,442,2,300
497,955,2,600
512,1244,2,600
542,4887,0,
584,584,0,
584,405,0,
584,4887,2,480
585,11473,2,300
585,585,0,
604,10481,0,
10976,230,2,300
696,2738,2,360
696,1283,0,
696,524,0,
696,942,2,360
696,232,2,300
91,21,0,
93,81,2,420
276,607,2,360
81,81,2,180
80,81,2,360
613,11915,2,360
613,613,0,
616,1487,2,480
638,11915,2,300
639,639,0,
11481,11481,0,
10591,8075,2,360
10591,8042,2,360
10591,11938,2,360
10591,2737,2,480
10591,11534,2,300
10591,411,2,480
10591,10591,2,180
10591,80,2,360
10591,81,2,300
10591,11638,2,420
10591,10670,2,480
74,98,0,
74,11563,2,300
74,75,0,
11,11427,2,300
11,11542,0,
11311,11274,2,420
11311,11275,2,420
11311,11337,2,300
11311,10468,2,300
12330,415,2,300
12331,11935,2,360
12348,11429,0,
12348,1013,2,300
26,26,0,
26,11542,0,
48,98,0,
48,11563,2,300
11310,11274,2,360
11310,11337,2,300
11310,10468,2,360
25,11427,0,
695,8072,0,
695,8045,0,
695,1572,2,120
695,1541,2,120
310,1505,0,
310,370,0,
310,310,0,
314,10968,0,
314,10969,0,
317,318,0,
317,317,0,
317,9530,0,
317,361,0,
317,674,2,360
690,898,0,
690,689,0,
728,898,0,
728,689,0,
736,955,2,300
742,955,0,
742,737,0,
365,10968,0,
365,10969,0,
366,366,0,
366,314,0,
366,313,0,
370,310,0,
744,1907,0,
744,647,0,
744,744,0,
744,301,2,300
744,646,0,
11529,2738,2,360
11529,1283,0,
11529,524,0,
11529,942,2,360
11529,232,2,360
718,650,0,
718,718,0,
718,838,0,
718,797,0,
908,1754,0,
908,2123,0,
2119,11278,2,300
2119,11279,2,300
2119,417,2,300
2119,11352,2,360
12157,12157,0,
12157,467,0,
318,318,0,
318,317,2,300
318,9530,0,
318,361,2,360
318,674,0,
326,1102,0,
569,110,0,
569,60,0,
11087,11278,2,360
11087,417,2,300
11087,486,2,360
11087,11087,0,
11087,2119,2,360
11087,11357,2,360
11087,11088,2,300
9136,9136,0,
9136,9055,0,
9136,545,0,
9136,8640,0,
9136,330,0,
9136,217,0,
202,198,0,
202,199,0,
202,392,0,
210,1592,0,
210,1519,0,
213,10966,0,
213,10967,0,
774,2058,0,
774,1977,0,
774,863,0,
774,774,0,
8394,8394,0,
8394,766,0,
767,1018,0,
4876,2242,0,
11403,9055,0,
11403,330,0,
826,747,2,480
826,746,0,
826,826,0,
189,11302,2,420
189,40,2,480
189,189,0,
189,12368,2,360
189,9069,2,420
189,35,2,360
189,95,2,300
189,79,2,300
9551,1018,0,
10895,8622,2,480
10895,779,2,480
860,287,0,
860,198,0,
860,199,0,
860,392,0,
860,860,0,
863,2058,0,
863,1977,0,
863,863,0,
863,774,0,
869,1018,0,
9124,1592,0,
9124,1519,0,
549,10966,2,300
549,10967,2,360
9135,9135,0,
2146,2240,2,300
963,12318,0,
963,1482,0,
963,1709,0,
963,1387,2,300
963,8139,0,
277,276,2,480
11349,2051,0,
11349,10745,0,
11348,136,2,360
11348,11353,0,
11352,11279,2,300
11352,2119,2,300
11352,11357,0,
486,11278,2,360
486,11279,2,360
486,417,0,
486,486,0,
486,11087,2,300
486,11088,0,
11260,11276,2,300
11260,11277,2,300
11260,10360,0,
11260,11258,0,
11260,11221,2,480
11260,11227,2,420
11260,11260,0,
11103,11283,2,300
11103,11354,0,
11103,160,0,
10799,11280,2,300
10799,11281,2,300
10799,1586,0,
10799,1525,0,
10799,10799,0,
11216,11695,0,
11216,9087,0,
11227,10360,2,480
11227,11260,2,480
419,11019,0,
419,419,0,
419,483,0,
423,11280,2,300
423,11281,2,300
423,1586,0,
423,1525,0,
627,11354,0,
627,160,0,
994,2051,0,
994,10745,0,
11221,10360,2,480
11221,11221,0,
11221,11227,0,
11221,11260,2,480
11350,11282,2,300
11350,136,0,
11350,11353,0,
11258,11276,2,360
11258,10360,0,
11258,11258,0,
417,11087,2,300
417,2119,2,300
417,11357,0,
417,11088,0,
4608,4608,0,
4629,4689,0,
4640,4678,0,
3204,3053,2,120
3204,3927,0,
3204,3394,0,
3204,3204,0,
3204,3769,0,
3204,3067,0,
3204,8021,2,120
3204,8032,2,120
3204,3334,0,
3204,3904,0,
3204,7643,0,
3204,3195,0,
3204,3906,0,
3277,3277,0,
12240,12232,0,
12240,12233,0,
12240,12240,0,
9342,3281,2,300
9342,3277,0,
10063,10063,0,
11534,81,0,
9112,8077,2,420
9112,8040,2,420
9112,409,2,360
9112,534,2,300
9112,44,0,
9112,4882,2,360
9112,76,2,480
193,193,0,
193,45,2,540
193,11528,2,300
347,195,2,300
415,10465,2,420
812,195,2,300
812,811,0,
337,11021,0,
337,11014,0,
341,1589,0,
341,1522,0,
815,2054,0,
815,1980,0,
823,4889,2,480
11262,826,2,300
628,628,0,
628,4494,2,480
628,4883,2,600
454,195,0,
758,2054,0,
758,1980,0,
761,811,0,
460,1589,0,
460,1522,0,
463,11021,0,
463,11014,0,
12026,10513,2,360
12026,10467,2,360
12026,12177,2,480
1147,785,2,360
1151,1355,0,
1151,1307,2,360
1152,1575,0,
1153,1153,0,
666,1198,0,
666,666,0,
666,704,0,
666,665,0,
668,11623,0,
668,669,0,
1156,1156,0,
1156,1071,0,
1156,1070,0,
1160,1648,0,
1160,1187,0,
1160,1186,0,
1160,1160,0,
1165,1738,2,600
1168,2540,0,
1169,1169,0,
1170,12336,2,480
1170,1170,0,
1171,12336,0,
1171,1175,2,360
1171,1170,2,480
2717,12366,2,420
2717,8068,2,300
2717,8049,2,300
2717,2523,0,
2717,2833,0,
2717,2761,0,
2717,2671,2,120
2717,2414,2,120
2717,2016,0,
2717,1173,0,
1186,1648,0,
1186,1187,0,
1195,1195,0,
1195,1158,0,
701,11623,0,
701,669,0,
702,1538,0,
702,702,0,
702,667,0,
1198,1198,0,
1198,704,0,
1198,665,0,
1202,1355,2,300
1202,1307,2,360
1206,850,2,360
1206,785,2,360
1173,2523,0,
1173,2833,2,120
1173,2671,2,120
1173,2414,2,120
1173,2016,0,
1173,2717,2,120
1181,1181,0,
1187,1187,0,
1187,1186,0,
1187,1160,0,
12351,12375,2,600
12351,44,2,600
12351,4494,0,
12351,4882,2,600
12351,4495,2,360
709,709,0,
709,1254,0,
709,659,0,
1316,713,0,
1316,654,2,300
1320,2039,0,
1320,1996,0,
1320,1343,0,
1320,1320,0,
1329,7025,2,360
1329,2227,0,
1329,2160,2,360
1328,1328,0,
1328,2227,2,480
1328,2160,2,600
1300,10374,2,420
1300,10926,2,480
1301,9051,0,
1301,892,0,
1301,924,0,
1307,1202,2,360
1307,1151,2,360
1308,1576,0,
1308,1537,0,
1312,11011,0,
1312,11007,0,
1337,1337,0,
1337,2227,2,480
1337,2160,2,600
1343,2039,0,
1343,1996,0,
1347,713,0,
1347,654,2,360
1350,11011,0,
1350,11007,0,
1354,1576,0,
1354,1537,0,
1355,1202,0,
1355,1151,0,
1361,9051,0,
1361,892,0,
1361,924,0,
1362,10374,2,480
1362,10926,2,480
1334,6992,2,480
1334,6958,2,480
1336,1336,0,
1330,1330,0,
6991,7046,0,
6991,6959,0,
6991,6991,0,
11915,639,2,360
11915,613,2,360
10435,8043,2,300
10468,11274,2,420
10468,11275,2,420
10468,11310,2,420
10468,11311,2,300
11309,11475,2,480
10465,415,2,420
10467,12026,2,480
10492,8075,2,420
10492,8042,2,420
10470,8289,0,
10470,21,2,360
10470,91,2,360
10486,234,2,300
1505,370,0,
1505,310,0,
1509,124,0,
1510,122,2,300
1510,1276,2,300
1514,1108,0,
1514,1039,0,
1519,9124,0,
1519,210,0,
1522,460,0,
1522,341,0,
1525,11280,2,300
1525,11281,2,300
1525,423,0,
1525,10799,0,
1530,248,0,
1530,169,0,
1533,847,0,
1533,789,0,
1537,1354,0,
1537,1308,0,
1541,8072,0,
1541,8045,0,
1541,695,2,120
1544,1086,0,
1544,1061,0,
1546,1728,0,
1546,1692,0,
1550,1793,0,
1550,1563,0,
1550,1550,0,
1553,1559,2,360
1555,1404,0,
1470,1470,0,
8910,11875,2,480
8910,11877,2,360
1554,1558,0,
1554,1554,0,
1567,1728,0,
1567,1692,0,
1570,1086,0,
1570,1061,0,
1572,8072,0,
1572,8045,0,
1572,695,2,120
1576,1354,0,
1576,1308,0,
1580,847,0,
1580,789,0,
1583,248,0,
1583,169,0,
1586,11280,2,300
1586,11281,2,300
1586,423,0,
1586,10799,0,
1592,9124,0,
1592,210,0,
1596,1108,0,
1596,1039,0,
1604,10969,0,
1614,11794,2,420
1614,11793,2,480
1614,11792,2,480
1614,12085,2,480
1589,460,0,
1589,341,0,
10959,1896,2,420
10959,11759,2,420
11193,11193,0,
1557,1557,0,
1561,2745,0,
1561,1561,0,
1561,1552,0,
1562,1562,0,
1563,1793,0,
1563,1550,0,
11337,11274,2,360
11337,11275,2,360
11337,11310,2,360
11337,11311,2,300
10513,415,2,360
1617,1190,0,
1617,1137,0,
1621,2028,0,
1621,9987,0,
1622,2028,0,
1622,9987,0,
1641,2010,2,300
1641,1641,0,
1643,9989,0,
1643,1659,0,
1648,1187,0,
1648,1186,0,
1648,1160,0,
1651,8070,0,
1651,8047,0,
1651,11455,0,
1651,1905,2,120
1651,1736,2,120
1651,1685,2,120
1679,2028,0,
1679,9987,0,
1683,1190,0,
1683,1137,0,
2023,9989,0,
2023,1659,0,
1660,1642,0,
1660,1660,0,
1660,12183,0,
1685,8070,0,
1685,8047,0,
1685,11455,0,
1685,1905,2,120
1685,1736,2,120
1685,1651,2,120
1692,1567,0,
1692,1546,0,
1697,906,0,
1697,911,0,
1708,1711,0,
1709,12318,0,
1709,1482,2,120
1709,963,0,
1709,1387,2,300
1709,2742,2,300
1709,8139,0,
8860,8752,0,
8860,8761,0,
1721,906,0,
1721,911,0,
1728,1567,0,
1728,1546,0,
11095,8752,2,300
11095,8761,2,300
11095,906,0,
11095,911,0,
1793,1793,0,
1793,1563,0,
1793,1550,0,
1736,8070,0,
1736,8047,0,
1736,11455,0,
1736,1905,2,120
1736,1685,2,120
1736,1651,2,120
8674,8751,2,300
8674,8760,2,300
8674,9505,0,
8674,8673,0,
2123,908,0,
2123,2110,0,
1775,4381,2,120
1775,452,2,120
1775,4163,2,120
1775,451,2,120
1775,4119,2,120
1775,4143,2,120
1775,10873,2,120
1775,4067,2,120
1075,1076,0,
1838,2032,0,
1838,2004,0,
1833,1076,0,
1833,1133,0,
11623,701,0,
11623,668,0,
11010,842,0,
11010,793,0,
11013,1105,0,
11013,1042,0,
11014,463,0,
11014,337,0,
11500,251,0,
11500,165,0,
11007,1350,0,
11007,1312,0,
11009,706,0,
11009,663,0,
11016,56,0,
10969,365,0,
10969,314,0,
10967,549,2,360
10967,213,2,360
11011,1350,0,
11011,1312,0,
11020,251,0,
11020,165,0,
11021,463,0,
11021,337,0,
11023,1105,0,
11023,1042,0,
11015,706,0,
11015,663,0,
11022,842,0,
11022,793,0,
10968,366,0,
10968,365,0,
10968,314,0,
10966,549,2,300
10966,213,0,
1130,1254,0,
1130,659,0,
1133,1075,0,
1133,1828,0,
1137,1683,0,
1137,1617,0,
1139,1654,0,
1139,1186,2,420
1139,1160,2,360
1905,8070,0,
1905,8047,0,
1905,11455,0,
1905,1905,2,120
1905,1736,2,120
1905,1685,2,120
1905,1651,0,
10559,10559,0,
11353,11282,2,300
11353,11283,2,300
11353,11350,0,
11353,11103,0,
647,647,0,
647,744,2,180
647,301,0,
647,646,0,
386,386,0,
386,1116,0,
386,1031,0,
392,392,0,
392,860,0,
392,202,0,
199,202,0,
201,812,2,300
811,811,0,
811,761,0,
811,812,0,
255,256,0,
255,155,0,
650,838,0,
650,797,0,
654,1347,2,300
654,1316,2,300
1190,1683,0,
1190,1617,0,
1076,1076,0,
1076,1833,0,
1076,1828,0,
713,713,0,
713,1347,0,
713,1316,0,
195,454,0,
195,812,0,
198,198,0,
198,392,2,300
198,860,0,
198,202,0,
287,287,0,
287,392,0,
287,860,0,
292,1116,0,
292,1031,0,
1907,1907,0,
1907,647,0,
1907,744,0,
1907,301,0,
1907,646,0,
160,11282,2,300
160,11283,2,300
160,627,0,
160,11103,0,
11632,256,0,
11632,155,0,
11760,1896,2,480
11760,11759,0,
11760,10958,2,420
1754,1754,0,
1754,2123,0,
1754,908,0,
1754,2110,2,360
1482,12318,0,
1482,1709,2,120
1482,963,0,
1482,1387,0,
1482,2742,2,300
1482,8139,0,
1743,2760,0,
1743,1743,0,
1743,11323,0,
1980,758,0,
1980,815,0,
10745,11284,2,300
10745,11285,2,300
10745,994,0,
10745,11349,0,
10331,10231,2,300
9987,1679,0,
9987,1622,0,
1977,863,0,
1977,774,0,
1988,10812,0,
1988,151,0,
1992,834,0,
1992,801,0,
1996,2039,0,
1996,1996,0,
1996,1343,0,
1996,1320,0,
2000,1258,0,
2000,1218,0,
2004,1838,0,
2004,1824,0,
1659,9989,0,
1659,1659,0,
1659,2023,0,
1659,1643,0,
2016,2833,0,
2016,2761,0,
2016,2671,2,120
2016,2414,2,120
2016,1173,0,
2016,2717,0,
1642,1660,0,
2032,1838,0,
2032,1824,0,
2039,1343,0,
2039,1320,0,
2044,834,0,
2044,801,0,
2058,863,0,
2058,774,0,
2054,758,0,
2054,815,0,
2047,10812,0,
2047,151,0,
2028,1679,0,
2028,1622,0,
2051,11284,2,300
2051,11285,2,300
2051,994,0,
2051,11349,0,
2035,1258,0,
2035,1218,0,
10960,11759,2,420
10960,10958,2,420
9989,1643,0,
11455,8070,0,
11455,8047,0,
11455,1736,0,
11455,1685,0,
11455,1651,0,
136,11282,2,300
136,11283,2,300
136,11350,0,
136,11103,0,
12134,838,0,
12134,797,0,
11354,11282,2,300
11354,11283,2,300
11354,627,0,
11354,11103,2,300
10553,11302,2,360
10553,12368,0,
10553,35,2,300
10553,8035,2,480
10553,8019,2,480
40,8039,2,300
40,11302,2,360
40,938,2,360
40,35,0,
40,8035,2,480
40,8019,2,480
2081,584,0,
2081,405,0,
10196,10374,2,300
10196,1362,2,540
10196,1300,2,480
10363,179,0,
10363,10814,0,
10360,11276,2,300
10360,11277,2,300
10360,11258,0,
10360,11221,2,480
10360,11227,2,420
10352,179,0,
10352,10814,0,
534,8040,2,300
534,12375,0,
534,8535,0,
534,4496,2,300
534,9128,2,300
11441,11302,2,300
11441,10400,2,480
11441,11526,2,360
11441,10399,2,420
11441,8035,2,480
11441,96,2,360
11441,78,2,420
11441,77,2,360
11441,8019,2,480
11646,81,2,540
2743,1046,0,
2743,968,0,
5183,9720,2,360
5183,5183,0,
5183,5180,2,360
6467,8060,0,
6467,8057,0,
6467,11764,2,360
6467,5769,2,300
6467,5122,0,
6467,5891,0,
6467,5793,2,300
6467,5768,2,300
6467,5494,0,
6467,11882,0,
6467,5262,0,
6467,5045,0,
6467,10881,0,
6467,6467,0,
6467,5667,2,120
5509,11860,0,
5509,5701,2,480
5509,6000,0,
5509,5743,0,
5509,5633,0,
5509,5700,0,
5509,11861,2,300
5509,6077,0,
5509,5464,0,
5509,5509,0,
5509,5593,0,
5039,5039,0,
5498,11077,2,360
5498,11078,2,360
5505,5697,2,300
5505,5638,2,360
5464,6000,0,
5464,5743,0,
5464,5700,0,
5464,6077,0,
5464,5593,0,
10881,11764,2,360
10881,5769,2,300
10881,5122,2,300
10881,5891,0,
10881,5793,0,
10881,5768,0,
10881,11882,0,
10881,5262,0,
10881,5045,0,
10881,5667,2,120
5815,9720,2,360
5815,5815,0,
5815,5183,0,
5815,5180,2,420
5467,5638,2,300
5474,11077,2,360
5474,11078,2,360
5040,5794,2,360
5040,5050,2,300
5040,5039,2,360
12155,8059,0,
12155,6468,2,480
12155,5042,0,
12155,12155,0,
12155,5048,2,420
1846,1211,0,
2165,2222,2,360
2170,9099,0,
2170,2170,0,
10929,10423,0,
10929,8065,0,
10929,8052,0,
10929,6984,0,
10929,10915,0,
10929,5989,0,
10929,3535,0,
10929,2397,0,
10929,2252,0,
10929,2203,2,120
10349,10335,0,
10349,10349,0,
2166,10390,2,480
2166,2222,0,
745,745,0,
10336,10339,0,
10336,10336,0,
2214,2214,0,
2214,2174,0,
2222,2221,2,480
2222,2222,0,
2222,2166,0,
2222,2165,2,360
2321,2268,0,
2321,2321,0,
2323,11906,0,
2323,11909,0,
2323,2266,0,
2323,2323,0,
2325,11204,0,
2325,2444,0,
2325,2264,0,
8689,8688,0,
11733,2269,0,
3624,2189,0,
3624,2646,0,
11682,1442,0,
11682,1430,0,
3536,2189,0,
3536,2646,0,
2263,1442,0,
2263,1430,0,
2264,11204,0,
2264,2444,0,
2264,2264,0,
2264,2325,0,
2266,11906,0,
2266,11909,0,
2409,6086,0,
2410,5991,0,
11392,11392,2,120
2444,11204,0,
2444,2325,0,
2355,11555,0,
2355,2355,0,
2355,2338,0,
8644,1451,0,
8644,1423,0,
2799,10429,0,
2799,8066,0,
2799,8051,0,
2799,3023,0,
2799,2692,0,
2799,2630,0,
2799,2477,0,
11714,11716,0,
11714,8064,0,
11714,8053,0,
11714,11715,0,
11714,11711,0,
11714,11710,0,
11714,11718,0,
11714,11719,0,
11714,11712,0,
2414,2523,0,
2414,2833,2,120
2414,2761,2,120
2414,2671,2,120
2414,2016,2,120
2414,1173,2,120
2414,2717,2,120
2417,2417,0,
2418,2527,2,360
2428,2800,0,
2429,2429,0,
2430,2478,2,360
2430,2434,0,
2320,11732,0,
2472,1451,2,360
2477,10429,2,120
2477,8066,0,
2477,8051,0,
2477,3023,0,
2477,2692,2,120
2477,2630,0,
2477,2799,2,120
2478,2478,0,
2478,2430,2,360
2478,2435,2,480
2489,2527,2,360
2467,2467,0,
2396,2386,2,300
2396,10854,2,600
2396,2399,2,360
10855,11681,2,360
1429,2326,0,
1429,11911,0,
2613,8589,0,
2613,2613,0,
2614,2537,2,300
2622,3094,0,
2622,2528,0,
2623,2489,2,300
2623,2418,2,360
2626,2525,2,360
8680,8748,0,
8680,8757,0,
8680,8679,2,120
8680,8659,0,
8680,10021,2,480
8710,2899,2,120
8710,2881,2,120
8710,8710,2,120
2741,2741,0,
9125,1461,0,
9125,1410,0,
2630,10429,0,
2630,8066,0,
2630,8051,0,
2630,3023,0,
2630,2692,2,120
2630,2477,2,120
2630,2799,2,120
11710,11716,0,
11710,8064,0,
11710,8053,0,
11710,11715,0,
11710,11711,2,360
11710,11718,0,
11710,11719,0,
11710,11712,0,
2646,3536,0,
2646,3624,0,
2648,2328,0,
2648,2261,0,
2671,2523,0,
2671,2833,2,120
2671,2761,2,120
2671,2414,0,
2671,2016,2,120
2671,1173,2,120
2671,2717,2,120
2692,10429,2,120
2692,8066,0,
2692,8051,0,
2692,3023,0,
2692,2630,0,
2692,2477,2,120
2692,2799,2,120
2728,2728,0,
2221,2221,0,
2221,2222,2,480
2221,2166,2,480
10339,10336,0,
2639,2328,0,
2639,2261,0,
2189,3536,0,
2189,3624,0,
2539,8069,0,
2539,8048,0,
2708,2708,0,
10335,10349,0,
2534,2534,0,
2553,1461,0,
2553,1410,0,
9952,8747,0,
9952,8756,0,
9952,10971,0,
9952,9952,0,
9952,10972,0,
9952,10034,2,360
1404,1404,0,
1410,2553,0,
1410,9125,0,
1411,1460,0,
1411,1411,0,
1413,1413,0,
1423,2472,0,
1423,8644,0,
1430,3663,0,
1430,2263,0,
1430,11682,0,
11711,11716,0,
11711,8064,0,
11711,8053,0,
11711,11715,0,
11711,11711,0,
11711,11710,0,
11711,11719,0,
11711,11712,0,
11876,8750,2,360
11876,8759,2,360
11876,11875,0,
11876,11876,0,
11876,11877,0,
11876,11874,2,360
1469,1557,0,
11715,11716,0,
11715,11715,2,120
11715,11711,0,
11715,11710,0,
11715,11719,0,
11715,11712,0,
1442,3663,0,
1442,2263,0,
1442,11682,0,
1443,1443,0,
1444,2326,0,
1444,11911,0,
1451,2472,2,300
1457,2788,0,
1457,1457,0,
1457,1416,0,
1461,2553,0,
1461,9125,0,
3548,3140,0,
3548,3133,0,
3548,3613,0,
8575,8577,0,
8575,8578,0,
8575,8561,0,
8575,8552,0,
8575,10564,2,120
8575,8574,0,
2261,2639,0,
2261,2648,0,
11911,11911,0,
11911,1444,0,
11911,1429,0,
11909,2266,0,
11909,2323,0,
3613,3140,0,
3613,3133,0,
3619,2345,0,
3619,3619,0,
3619,3542,0,
2328,2639,0,
2328,2648,0,
2326,1444,0,
2326,1429,0,
11906,2266,0,
11906,2323,0,
3023,10429,2,120
3023,8066,0,
3023,8051,0,
3023,2692,2,120
3023,2630,0,
3023,2477,2,120
3023,2799,0,
8697,8749,0,
8697,8758,0,
8697,8683,0,
8697,8697,0,
8697,10018,2,300
8697,10017,2,360
2941,2928,0,
2941,2847,0,
2787,1463,0,
2798,2479,0,
2610,1178,2,480
2610,1177,2,480
2610,1168,0,
8683,8749,2,300
8683,8758,2,300
8683,8683,0,
8683,8697,0,
8683,10018,0,
8683,10017,2,360
9505,8751,2,300
9505,8760,2,300
9505,8674,0,
9505,8673,0,
2971,2928,0,
2971,2847,0,
8737,8701,0,
2807,2791,0,
8738,8743,2,420
9043,1863,0,
9043,1888,0,
11875,8750,2,360
11875,8759,2,360
11875,11875,2,60
11875,11876,2,300
11875,11877,0,
11875,11874,2,360
2761,2523,0,
2761,2833,2,120
2761,2671,2,120
2761,2414,0,
2761,2016,2,120
2761,1173,2,120
2761,2717,2,120
2765,1559,0,
8140,12318,0,
8140,1482,2,120
8140,1709,2,120
8140,963,0,
8140,1387,2,120
11873,8750,2,360
11873,8759,2,360
11873,11879,2,360
11873,11873,0,
11873,11874,2,360
2766,1393,2,360
2766,1858,0,
2766,1477,0,
11878,8750,2,420
11878,8759,2,420
11878,11879,2,300
11878,11873,2,360
11878,11875,2,480
11878,11877,2,480
11878,11874,2,480
8659,8748,0,
8659,8757,0,
8659,8679,2,120
8659,8680,2,120
8659,10021,2,480
3117,2959,0,
3117,2948,0,
8703,9510,2,360
8703,9511,2,360
8703,10029,2,420
8703,10028,2,480
10092,1865,0,
10092,1886,2,300
2847,2971,0,
2847,2941,0,
3108,2959,0,
3108,2948,0,
2928,2971,0,
2928,2941,0,
11879,11879,0,
11879,11878,2,360
11879,11873,2,360
8853,8735,0,
2917,3024,0,
2955,2860,0,
2955,3024,0,
2959,3108,0,
8688,8689,0,
2836,3029,0,
2836,1875,0,
8679,8748,0,
8679,8757,0,
8679,8659,2,120
8679,8680,2,120
8679,10021,2,480
3024,2955,0,
3024,2917,0,
2833,2523,0,
2833,2761,0,
2833,2671,2,120
2833,2414,0,
2833,2016,2,120
2833,1173,0,
2833,2717,2,120
2860,2955,0,
2860,2917,0,
2863,8897,0,
1875,2836,0,
1875,3129,0,
3029,2836,0,
3029,3129,0,
12209,12228,0,
12209,12229,0,
12209,12210,0,
12209,12211,0,
12209,12212,0,
12209,3243,2,300
12209,3155,0,
12343,12247,2,300
3273,3273,0,
3298,3298,0,
3298,3317,2,420
3298,11827,2,360
3041,3080,0,
3041,3041,0,
3386,3532,2,420
3386,8350,2,480
3401,3046,2,480
3401,8350,2,480
3077,3077,0,
3077,3045,0,
3084,3402,2,420
3085,3085,0,
3086,11443,0,
3091,3156,2,360
3076,3401,2,480
8818,3443,2,300
8820,3518,0,
8820,8847,0,
8350,3386,2,480
3515,3565,2,300
3515,3594,2,420
3517,3412,2,300
3410,3518,0,
3410,8847,0,
3448,3565,2,360
3449,3565,2,420
3449,3594,2,360
3532,3401,2,480
3532,3386,2,360
3046,3076,0,
3411,3443,2,300
3411,3411,0,
3411,8818,0,
3443,3443,0,
3443,3411,0,
3443,8818,0,
10067,10440,2,420
10067,10068,2,300
10067,10067,0,
11543,3517,2,300
8886,3373,0,
8886,8886,0,
3633,12291,2,300
3633,2349,2,300
3139,3134,0,
3139,3139,0,
11204,2444,0,
11204,2264,0,
3628,2513,0,
3628,3661,0,
3628,3628,0,
3133,3140,0,
3133,3133,0,
3133,3613,0,
3133,3548,0,
3656,2349,2,360
9441,9441,0,
9441,3632,0,
8797,3407,0,
8797,8797,0,
3593,3515,2,360
3594,3449,2,300
3418,3554,2,360
3419,3361,0,
3608,10068,2,420
3608,10067,2,480
8850,3572,0,
8849,3375,0,
8573,8577,0,
8573,8578,0,
8573,8561,0,
8573,8552,0,
8573,10564,0,
8573,8574,0,
8573,8575,0,
10068,10440,2,480
10068,10068,0,
10068,3608,2,420
10068,10067,2,300
3423,3637,2,360
3423,3423,0,
3407,3407,0,
3407,8797,2,300
3565,3449,2,480
3565,3515,2,300
3371,3589,0,
3371,3667,0,
3373,3373,0,
3373,8886,0,
3476,3487,2,360
8828,3444,2,300
8847,3518,0,
8847,8847,0,
8847,3410,0,
8847,8820,0,
12345,3376,0,
3518,3410,0,
3518,8820,0,
3695,9397,2,300
3695,3731,2,300
3697,8022,2,600
3697,8031,2,600
10564,8575,2,120
3385,3822,0,
3385,3806,0,
3385,3385,0,
3385,3816,0,
3385,3478,0,
3385,8022,2,60
3385,8031,2,60
3385,3779,0,
11573,3735,0,
3694,3732,0,
3708,11567,2,360
3708,11685,2,480
3699,3679,0,
3810,3810,0,
3822,3822,0,
3822,3806,0,
3822,3385,0,
3822,3816,0,
3822,3478,0,
3822,8022,2,120
3822,8031,2,120
3822,3779,0,
3815,3731,2,300
9397,9397,0,
9397,3731,2,300
9397,3695,0,
3207,12232,2,360
3207,12233,2,360
3207,12242,2,360
12272,3315,2,300
12272,3331,0,
3954,3314,2,300
3954,3333,2,300
9244,9244,0,
9178,10138,2,300
9243,9324,2,300
9243,9243,0,
3944,3944,0,
12267,3315,2,300
12267,3331,0,
12277,3314,2,300
12277,3333,0,
9245,9245,0,
9255,9311,0,
9255,3965,0,
3721,3721,0,
3719,10567,2,480
3723,10569,2,480
3723,10568,2,480
3053,3204,2,120
3053,8032,2,120
3898,3878,2,300
3898,3856,2,300
9174,3900,2,300
11114,7645,2,540
11405,11408,2,480
11579,11408,2,420
9235,9235,0,
3831,3878,2,300
3831,3856,2,300
11958,12285,0,
11958,11950,0,
11962,7645,2,540
11964,9376,0,
9239,9239,0,
9239,11114,0,
12217,12217,0,
409,8040,2,300
409,12375,0,
409,8535,0,
409,4496,2,360
409,9128,2,360
451,4474,2,120
451,4381,2,120
451,452,2,120
451,1775,2,120
451,4119,2,120
451,1761,2,120
451,4143,2,120
451,10873,2,120
451,4067,2,120
4018,4228,0,
4018,4053,2,360
4018,10882,0,
4030,4030,0,
4010,4010,0,
4010,4045,0,
4043,4228,0,
4043,4053,2,360
4043,10882,2,300
4163,4474,2,120
4163,4381,2,120
4163,452,2,120
4163,4163,2,120
4163,451,2,120
4163,1775,2,120
4163,4119,2,120
4163,1761,2,120
4163,4143,2,120
4163,10873,2,120
4163,4067,2,120
453,493,2,360
11553,10400,0,
11553,4881,2,300
11553,10399,0,
4087,4131,0,
4112,4144,2,300
3918,3918,0,
4130,4100,0,
452,4474,2,120
452,4381,2,120
452,4163,2,120
452,451,2,120
452,1775,2,120
452,4119,2,120
452,1761,2,120
452,4143,2,120
452,10873,2,120
452,4067,2,120
4475,4471,2,120
4475,10867,2,120
4475,4210,0,
4475,4568,0,
4475,4459,2,120
4475,4242,0,
4475,8037,2,120
4061,4224,0,
4228,4228,0,
4228,4018,0,
4228,10879,0,
4228,10882,0,
4062,4222,2,300
4065,4391,0,
4065,4371,0,
4194,4194,0,
4194,3994,0,
4002,3995,0,
4204,4212,0,
4242,4471,2,120
4242,10867,2,120
4242,4210,0,
4242,4568,2,120
4242,4459,2,120
4242,4242,2,120
4242,4475,2,120
4242,8037,2,120
4188,4365,0,
4189,4201,2,300
4189,4189,0,
4190,4200,0,
4243,4514,0,
4243,4301,0,
4243,4243,0,
4243,4191,0,
4295,4295,0,
4295,4249,0,
4296,4248,0,
4297,4247,0,
4301,4514,0,
4301,4301,0,
4301,4243,0,
4301,4191,0,
4319,4319,0,
4381,4474,2,120
4381,452,2,120
4381,4163,2,120
4381,451,2,120
4381,1775,2,120
4381,4119,2,120
4381,1761,2,120
4381,4143,2,120
4381,10873,2,120
4381,4067,2,120
4371,4218,0,
4371,4065,0,
4347,4347,0,
4341,4342,0,
4355,4355,0,
4356,4407,0,
4360,4569,2,300
4360,4560,2,480
4391,10827,2,420
4403,4569,2,300
4403,4560,2,480
4407,4537,0,
4407,4407,0,
4407,4356,0,
4419,4419,0,
12122,4340,0,
4414,4414,0,
4414,4353,2,360
4416,4350,0,
4440,4440,0,
4599,4447,0,
4599,4599,0,
4459,4471,2,120
4459,10867,2,120
4459,4210,0,
4459,4568,2,120
4459,4242,2,120
4459,4475,2,120
4459,8037,2,120
4427,4329,0,
4427,4567,2,300
4427,4427,0,
4427,4500,0,
4429,9944,0,
11708,11678,2,300
11929,4329,2,360
4448,4448,0,
4447,4534,2,360
4447,4412,2,360
4442,4328,0,
4568,4471,2,120
4568,10867,2,120
4568,4459,2,120
4568,4242,0,
4568,4475,2,120
4568,8037,2,120
4218,4391,2,360
4218,4371,0,
4222,4222,0,
4323,4304,0,
4324,4398,0,
4474,4381,2,120
4474,452,2,120
4474,4163,2,60
4474,451,2,120
4474,1775,2,120
4474,4119,2,120
4474,4143,2,120
4474,10873,2,120
4474,4067,2,120
4489,9543,0,
4489,4489,0,
4489,4464,2,300
4210,4471,0,
4210,10867,2,120
4210,4210,0,
4210,4568,0,
4210,4459,2,120
4210,4242,0,
4210,4475,0,
4210,8037,2,120
11645,11639,2,360
11645,4463,0,
11678,11708,2,300
11866,4660,0,
11866,11867,0,
11866,4491,0,
10866,4471,2,120
10866,4210,2,120
10866,4568,2,120
10866,4459,2,120
10866,4242,2,120
10866,4475,2,120
10866,8037,2,120
4345,4346,2,480
4346,4346,0,
4346,4419,2,480
4346,4347,2,600
4412,4599,2,360
4514,4514,0,
4514,4301,0,
4514,4243,0,
4514,4191,0,
4517,4517,0,
4517,4504,0,
9543,4489,0,
9543,4464,2,420
4523,82,2,420
11676,4659,2,360
4560,4403,2,480
4560,4360,2,480
4567,4427,2,480
4567,4500,2,300
4551,4551,0,
4471,10867,2,120
4471,4210,0,
4471,4568,2,120
4471,4459,2,120
4471,4242,2,120
4471,4475,2,120
4471,8037,2,120
4534,4599,2,360
4537,4407,0,
11639,4463,2,360
4329,4427,0,
4329,4500,2,300
4569,4403,2,300
4569,4360,2,360
4579,4579,0,
7173,7173,0,
7066,7066,0,
8948,8948,0,
7416,8922,2,360
7089,5346,0,
7090,7168,0,
7096,7096,0,
8975,8960,2,360
8959,7352,2,360
8959,8959,0,
6958,6992,0,
6958,6958,0,
6958,1334,2,480
6951,6999,0,
6951,8385,0,
6951,6951,0,
4939,5244,0,
4939,5553,0,
4939,5093,0,
4939,6080,0,
4939,5997,0,
4939,5230,0,
4939,4845,0,
4939,6455,0,
4939,4939,0,
5991,5991,0,
5991,2410,0,
5019,4949,0,
5019,5074,0,
5019,4984,0,
5019,5019,0,
5021,5104,0,
5021,5140,0,
5256,5869,0,
5256,5069,0,
5256,5250,0,
5256,5256,0,
5591,5706,0,
5591,5596,0,
5591,6078,0,
9848,11613,2,360
9848,10144,2,360
5998,5628,0,
5998,5557,0,
4984,5074,0,
4984,5019,0,
4915,11826,2,360
4915,4849,0,
6455,5244,0,
6455,5553,2,120
6455,5093,0,
6455,6080,0,
6455,5997,2,120
6455,5230,0,
6455,4845,0,
6455,6455,2,120
6455,4939,0,
4917,4918,2,360
4917,4847,2,300
7639,5148,0,
7639,5890,2,120
7639,7639,0,
4972,5253,0,
4972,4962,0,
4972,4961,0,
4972,4972,0,
5007,11895,0,
5007,5007,0,
5015,11629,2,480
5015,11628,2,480
5024,5068,0,
5025,11127,0,
5025,11130,0,
5025,5025,0,
5029,5029,0,
4961,5253,0,
4961,4962,2,300
4961,4961,0,
4961,4972,0,
5034,5678,0,
5034,5656,0,
5037,5719,0,
5037,5725,0,
5041,5049,2,360
6456,8060,0,
6456,8057,0,
6456,11764,2,300
6456,5769,0,
6456,5122,0,
6456,5891,0,
6456,5793,0,
6456,5768,0,
6456,5494,0,
6456,11882,0,
6456,5262,0,
6456,5045,0,
6456,10881,0,
6456,6467,0,
6456,5667,0,
5124,5721,0,
5124,5124,0,
5127,5675,0,
5127,5659,0,
5138,11128,0,
5138,11129,0,
5140,5072,0,
5140,5021,0,
4845,5244,0,
4845,5553,2,120
4845,5093,2,120
4845,6080,0,
4845,5997,0,
4845,5230,2,120
4845,4845,2,120
4845,6455,0,
4845,4939,2,120
11701,5059,2,480
11701,5031,2,480
5230,5244,0,
5230,5553,0,
5230,5093,2,120
5230,6080,0,
5230,4845,0,
5230,4939,2,120
5250,5869,0,
5250,5069,2,360
5250,5250,0,
5250,5256,0,
4962,5253,0,
4962,4962,0,
4962,4961,0,
4962,4972,0,
4965,10897,2,300
4965,10896,2,480
10948,8062,0,
10948,8055,0,
10948,5148,0,
10948,5890,0,
10948,7639,0,
6077,11860,0,
6077,6000,0,
6077,5743,0,
6077,5633,0,
6077,5700,0,
6077,11861,0,
6077,5464,0,
6078,5706,0,
5629,5628,0,
5629,5557,0,
5629,5998,0,
5997,5244,0,
5997,5553,0,
5997,5093,0,
5997,6080,0,
5997,5230,0,
5997,4845,0,
5997,6455,0,
5997,4939,0,
5507,5701,2,360
5253,4961,0,
5253,4972,0,
5255,5065,0,
5066,5066,0,
5067,11127,0,
5067,11130,0,
5665,5668,2,360
5665,5665,0,
9524,9547,0,
9524,10148,0,
5285,6113,0,
5285,6478,0,
5285,5410,0,
5285,5285,0,
5288,11592,2,360
5288,5805,0,
5288,5826,2,360
5295,5960,0,
5295,5919,0,
5323,5323,0,
7207,12173,2,300
7207,5352,0,
7207,7214,0,
7207,7166,0,
7207,7095,2,120
7207,7259,0,
8654,11592,0,
8654,5805,0,
8654,5826,0,
5404,10642,0,
5404,5404,0,
5404,10163,2,600
5405,5298,0,
5408,5960,0,
5408,5919,0,
5287,11592,2,360
5287,5805,2,360
5287,5826,2,360
5287,5287,0,
5410,6113,0,
5410,6478,0,
5410,5285,0,
10189,10189,0,
10189,6039,0,
6050,9547,2,420
6050,10148,2,420
12478,9547,2,300
12478,10148,2,300
5389,10671,0,
5389,5389,0,
5389,5325,0,
6080,5244,0,
6080,5553,0,
6080,5093,0,
6080,6080,0,
6080,5230,0,
6080,4845,0,
6080,4939,0,
5074,4949,0,
5074,4984,0,
5072,5104,0,
5072,5140,0,
5069,5069,0,
5069,5250,0,
6086,6086,0,
6086,2409,0,
6535,2098,2,300
9849,6987,2,420
9849,6969,2,480
11247,11295,2,360
11247,6512,2,480
11247,2092,2,480
11247,11243,2,300
11247,6541,2,480
11247,6610,2,480
11247,6753,2,300
11247,11707,2,360
11247,6607,2,420
11540,6754,0,
4949,5074,0,
4949,5019,0,
4959,4959,0,
4959,5133,0,
4959,4974,0,
5052,5719,0,
5052,5725,0,
5055,5678,0,
5055,5656,0,
5059,11701,2,480
5065,5255,0,
5065,5028,0,
5077,11629,2,480
11882,8060,2,300
11882,8057,2,300
11882,11764,2,360
11882,5769,0,
11882,5122,0,
11882,5891,0,
11882,5793,0,
11882,5768,2,300
11882,5494,0,
11882,11882,0,
11882,5262,0,
11882,5045,0,
11882,10881,0,
11882,6467,0,
11882,5667,2,120
5104,5072,0,
5104,5021,0,
5111,5059,0,
5117,5675,0,
5117,5659,0,
5119,5723,0,
5119,5119,0,
5119,5125,0,
8542,11128,0,
8542,11129,0,
4925,5567,2,360
4925,5615,2,360
4928,9961,0,
4928,4928,0,
4933,5567,0,
4933,5615,0,
4936,11121,0,
4936,6081,0,
4936,4922,0,
4929,4929,0,
10328,4756,0,
8638,4611,0,
5700,11860,0,
5700,6000,0,
5700,5743,0,
5700,5700,0,
5700,11861,2,300
5700,6077,0,
5700,5464,0,
5700,5593,0,
5465,6000,2,480
5465,5743,2,480
5465,5465,0,
5465,5700,2,480
5465,11861,2,600
5465,5594,0,
5465,5593,2,540
10437,6175,0,
10437,6194,0,
10437,10437,0,
6174,6088,2,360
6174,6340,2,360
6174,6139,2,120
6174,8854,2,120
6174,5543,0,
6174,11704,2,360
6174,6174,0,
6174,6195,2,120
6174,5436,0,
6197,6357,2,300
6354,6196,0,
6354,6354,0,
5437,5437,0,
5439,5439,0,
5448,6186,0,
5448,5524,0,
5456,6459,2,300
5456,11074,0,
5456,5516,0,
5456,5456,0,
5458,5703,2,300
5458,5514,0,
5428,5428,0,
5431,5548,2,360
5431,5431,0,
5431,6089,2,360
5432,6321,0,
5432,5547,0,
5494,11764,2,300
5494,5769,2,120
5494,5122,2,120
5494,5793,2,120
5494,5768,2,120
5494,11882,0,
5494,5262,2,120
5494,5045,2,120
5494,10881,0,
5494,6467,2,120
5494,5667,2,120
5633,11860,0,
5633,6000,0,
5633,5743,0,
5633,5700,0,
5633,11861,2,300
5633,6077,0,
5633,5593,0,
5514,5514,0,
5516,6459,0,
5516,11074,0,
5528,5528,0,
5528,5446,2,360
5533,9021,0,
5533,5444,0,
5535,11755,0,
5535,5535,0,
5535,5441,0,
5538,5538,0,
6466,6175,0,
6466,6194,0,
6466,6466,0,
11704,6088,2,360
11704,6340,2,360
11704,6139,0,
11704,8854,0,
11704,5543,2,480
11704,11704,2,120
11704,6174,0,
11704,6195,2,480
11704,5436,2,120
5540,6341,2,360
5543,6088,0,
5543,6340,2,360
5543,6139,2,120
5543,8854,2,300
5543,5543,0,
5543,11704,2,420
5543,6174,0,
5543,6195,2,300
5637,5467,2,300
5641,5708,0,
5641,5737,0,
5644,6462,0,
5644,5690,0,
5651,11132,0,
5651,11131,0,
5656,5055,0,
5656,5034,0,
5659,5117,0,
5659,5127,0,
5661,5837,0,
5661,5673,0,
5664,5722,0,
5664,5670,0,
5666,5892,2,360
5666,5668,2,360
5675,5117,0,
5675,5127,0,
5678,5055,0,
5678,5034,0,
5683,11132,0,
5683,11131,0,
5693,5708,0,
5693,5737,0,
5697,5467,2,360
5697,5505,2,360
5729,11134,0,
5729,11133,0,
5737,5693,0,
5737,5641,0,
5596,5596,0,
5596,6078,0,
5725,5052,0,
5725,5037,0,
5776,6469,0,
5777,5761,0,
5777,5777,0,
5781,11135,0,
5781,5797,0,
5792,5745,2,300
5792,5937,0,
5828,6114,0,
5828,5954,0,
5830,5955,0,
5830,6004,0,
5756,11135,0,
5756,5797,0,
5756,5756,0,
5756,5781,0,
5826,11592,0,
5826,5805,0,
5826,5826,0,
5826,5287,2,360
5826,5288,2,360
5797,11135,0,
5797,5797,0,
5797,5756,0,
5797,5781,0,
5801,5955,0,
5801,6004,0,
5803,6114,0,
5803,5954,0,
5805,5287,2,360
5805,5288,2,360
5811,8967,0,
5811,5820,0,
5813,11490,2,300
5813,5818,0,
5813,5909,0,
5814,5814,0,
11664,9720,0,
11664,5183,2,480
5908,5275,0,
5588,5588,0,
5706,6078,0,
5708,5693,0,
5708,5641,0,
5715,11134,0,
5715,11133,0,
5719,5052,0,
5719,5037,0,
5762,6469,2,300
5762,6480,0,
5869,5069,0,
5844,8061,2,300
5844,8056,2,300
5844,10884,0,
5844,5844,0,
5176,5188,0,
5176,5900,0,
5918,9452,0,
5918,11137,0,
5919,5919,0,
5919,5408,0,
5919,5295,0,
6116,6111,0,
6116,5925,0,
6116,6116,0,
5935,5938,2,300
5935,11907,2,300
5935,6015,2,300
5181,9720,2,360
2354,2339,0,
2354,8063,0,
2354,8054,0,
2354,8978,0,
5122,11764,0,
5122,5769,0,
5122,5122,0,
5122,5891,0,
5122,5793,0,
5122,5768,0,
5122,11882,0,
5122,5262,0,
5122,5045,0,
5122,5667,0,
5148,8062,0,
5148,5148,0,
5148,5890,2,120
5148,7639,2,120
5275,5275,0,
5275,5419,2,360
5275,5183,2,360
5185,5185,0,
5860,5860,0,
5860,9929,2,300
5860,5845,2,360
10884,8061,2,300
10884,8056,2,300
10884,5844,2,300
5769,12373,2,300
5769,8060,2,300
5769,8057,2,300
5769,11764,0,
5769,5769,0,
5769,5122,0,
5769,5891,0,
5769,5793,0,
5769,5768,0,
5769,5668,0,
5769,5494,0,
5769,11882,2,300
5769,5262,0,
5769,5045,0,
5769,10881,2,360
5769,6467,2,300
5769,5667,0,
5960,5408,0,
5960,5295,0,
5961,9452,0,
5961,11137,0,
6107,6120,0,
6107,6107,0,
6107,11905,0,
9926,5861,2,300
9926,5845,2,300
5975,5975,0,
12064,12066,2,360
5553,5244,2,120
5553,5093,2,120
5553,6080,2,120
5553,5997,2,120
5553,5230,0,
5553,4845,2,120
5553,6455,2,120
5553,4939,2,120
12063,12065,2,360
12063,12066,2,360
6004,5801,0,
6004,5830,0,
6006,6470,0,
6006,6479,0,
6011,6063,0,
10916,9720,2,480
10916,5183,2,420
10916,5180,0,
6068,6470,0,
6068,6479,0,
5955,5801,0,
5955,5830,0,
5927,5951,0,
5374,5374,0,
6103,6126,2,360
6103,6103,0,
6103,12260,2,300
6073,11123,0,
6073,11124,0,
6480,5762,0,
6480,5776,0,
6478,6113,0,
6478,5410,0,
6478,5285,0,
5042,8059,0,
5042,6468,2,480
5042,5042,0,
5042,12155,0,
5042,5048,2,540
9023,11075,0,
9022,11075,0,
9022,11076,0,
8854,6088,2,120
8854,6340,2,120
8854,6139,2,120
8854,8854,0,
8854,11704,2,360
8854,6174,0,
8854,6195,2,120
8854,5436,2,120
5445,5445,0,
6094,6094,0,
6111,5925,0,
5954,5803,0,
5954,5828,0,
6479,6068,0,
6479,6006,0,
6154,6214,0,
6139,6088,0,
6139,8854,0,
6139,5543,2,120
6139,11704,2,480
6139,6174,0,
6139,6195,2,300
6139,5436,0,
6194,6466,0,
6194,10437,0,
6167,6343,0,
6167,6354,2,300
6146,6222,0,
6146,6223,0,
6146,6146,0,
6148,6220,0,
6148,6148,0,
6149,6219,0,
6149,6149,0,
6153,6280,0,
6204,6233,0,
6204,6204,0,
6204,6164,0,
6214,6214,0,
6214,6154,0,
6215,6280,0,
6217,6373,0,
6217,6217,0,
6217,6151,0,
6219,6149,0,
6220,6220,0,
6175,10437,0,
10148,10150,0,
10148,9547,0,
10148,12478,2,300
10148,6050,2,360
10148,9524,0,
10251,10692,0,
10251,10260,0,
10251,10251,0,
5332,11332,2,360
5332,11331,2,360
5333,11578,2,300
5334,5334,0,
6472,6472,0,
6472,5336,2,480
9306,7102,0,
9306,10199,0,
9294,9294,0,
9293,12196,2,420
9293,9292,0,
6474,7102,2,360
11076,6051,0,
11076,9022,0,
7166,5352,0,
7166,7214,0,
7166,7166,0,
7166,7207,0,
7166,7095,0,
7166,7259,0,
11124,6073,0,
11124,6019,2,300
11126,12196,2,360
11126,9291,2,300
11126,9293,2,360
11074,5516,0,
11074,5456,0,
5583,5561,0,
5583,5623,0,
5583,11122,0,
5583,5583,0,
6464,5585,0,
6464,5601,0,
9291,12196,2,360
9291,9291,0,
9303,9303,0,
5381,5381,0,
9547,12478,2,300
9547,6050,2,420
9547,9524,0,
5621,5585,0,
5621,5601,0,
6475,7102,2,300
6475,6475,0,
6475,10199,2,360
10258,10628,2,300
10258,10258,0,
10258,10253,0,
11123,6073,0,
11123,6019,2,300
11122,5561,0,
11122,5623,0,
11075,6051,0,
11075,9023,0,
6459,6459,0,
6459,11074,0,
6459,5516,0,
6459,5456,0,
6504,6548,0,
6508,6888,2,300
6508,6545,2,360
6510,10522,0,
6942,6725,0,
6942,6741,0,
6766,6766,0,
8852,9572,0,
8852,6923,0,
8852,8852,0,
8650,6512,2,300
8650,2092,2,300
8650,6610,2,360
11707,11295,2,420
11707,6512,2,480
11707,11243,2,360
11707,6610,2,480
11707,6753,2,360
11707,11707,0,
11707,11385,2,300
11707,6607,2,420
11932,6661,0,
11932,8483,2,480
11932,8283,2,600
6768,8483,2,540
6768,8283,2,540
6483,6483,0,
6489,6858,0,
6489,6820,0,
6563,6858,0,
6563,6820,0,
6919,6919,0,
6919,6944,0,
6921,6725,0,
6921,6741,0,
8490,6578,2,360
8490,6482,2,360
6566,6802,0,
6566,11208,0,
6566,6486,0,
6753,11295,2,300
6753,6512,0,
6753,2092,2,420
6753,11243,0,
6753,6541,2,360
6753,6610,2,420
6753,6753,0,
6753,11707,2,300
6753,6607,2,300
6781,6661,0,
6781,8483,2,480
6781,6781,0,
6781,11932,0,
6781,8283,2,480
6572,9634,0,
12172,2095,0,
6578,6578,0,
6578,6482,0,
11208,6802,0,
11208,6566,0,
11208,6486,0,
6340,6340,0,
6340,6139,2,360
6340,8854,2,360
6340,5543,0,
6340,11704,2,420
6340,6174,2,360
6340,6195,2,300
6113,6478,0,
6113,5410,0,
6113,5285,0,
6114,5803,0,
6114,5828,0,
6051,11075,0,
6051,11076,0,
5532,5444,0,
6133,9062,0,
6133,6133,0,
6133,6095,0,
11078,5474,2,360
11078,5498,2,360
11130,5067,0,
11130,5025,0,
11131,5683,0,
11131,5651,0,
11133,5715,0,
11133,5729,0,
11137,5961,0,
11137,5918,0,
10915,10423,0,
10915,10915,0,
10915,5989,0,
10915,3535,0,
10915,2397,0,
10915,2252,0,
10915,2203,0,
11592,5287,2,360
11592,5288,2,360
11129,8542,0,
11129,5138,0,
11628,5077,2,480
11628,5016,2,480
11805,11801,0,
11805,11798,0,
11805,9597,2,600
11805,11809,0,
11805,11810,0,
11805,11808,0,
11805,11811,0,
11805,11799,0,
11805,11807,0,
9062,6133,2,300
9062,6095,2,300
5701,5594,2,360
6469,5776,0,
6470,6068,0,
6470,6006,0,
7214,12173,0,
7214,5352,0,
7214,7214,0,
7214,7166,0,
7214,7207,0,
7214,7095,2,120
7214,7259,2,120
5557,5557,0,
5557,5629,0,
5557,5998,0,
5741,5703,0,
10150,9524,0,
8485,8282,2,360
8484,8283,2,420
6706,8282,2,300
8483,8484,2,300
8483,6781,2,600
8483,6768,2,480
8483,11932,2,600
8483,8283,2,300
6222,6223,0,
10427,6236,0,
6230,6351,0,
6230,6346,0,
6230,6230,0,
8841,8841,0,
8841,6231,2,360
11077,5474,2,360
11077,5498,2,360
11135,5756,0,
11135,5781,0,
11134,5715,0,
11134,5729,0,
11132,5683,0,
11132,5651,0,
11127,5067,0,
11127,5025,0,
11128,8542,0,
11128,5138,0,
9452,5961,0,
9452,5918,0,
11629,5077,2,480
9591,9591,0,
9591,9592,0,
9593,9597,2,360
9593,11799,2,600
6255,6255,0,
6088,6088,0,
6088,6340,2,120
6088,8854,2,120
6088,5543,2,120
6088,6174,2,360
6088,6195,0,
6346,6230,0,
6247,6247,0,
6247,6312,0,
6351,6346,0,
6351,6230,0,
6305,6305,0,
5623,5561,0,
5623,5623,0,
5623,11122,0,
5623,5583,0,
5628,5629,0,
5628,5998,0,
6631,6631,0,
6637,6881,0,
6637,6895,0,
6646,9564,0,
6646,9580,0,
6648,6808,0,
6648,6908,0,
6610,6512,2,360
6610,6610,2,900
6610,6753,0,
6610,8650,2,480
6610,6607,2,360
6541,11295,2,420
6541,6512,0,
6541,2092,0,
6541,11243,2,420
6541,6541,0,
6541,6610,2,360
6541,6753,2,360
6541,8650,2,300
6541,6607,2,300
6661,6781,0,
6661,11932,0,
6675,9570,0,
6675,9574,0,
6603,6684,0,
6603,6634,2,300
8324,6610,2,420
8324,6631,2,360
11243,11295,2,300
11243,6512,2,420
11243,2092,2,480
11243,11243,0,
11243,6541,2,420
11243,6610,2,480
11243,6753,0,
11243,11707,2,300
11243,6607,2,360
8367,8412,0,
6605,6608,2,420
6691,9570,0,
6691,9574,0,
6700,6739,0,
6700,6667,2,360
6703,8326,0,
6704,6781,2,480
6704,6768,2,360
6704,11932,2,480
11470,11470,0,
11470,11393,2,360
11470,11707,2,360
6630,11293,2,360
6630,11388,2,360
6630,11471,2,360
8800,11291,2,420
8800,8604,2,480
6741,6921,0,
6741,6942,0,
2092,11295,2,420
2092,6512,2,300
2092,2092,2,180
2092,11243,2,420
2092,6541,0,
2092,6610,2,360
2092,6753,2,420
2092,8650,2,300
2092,6607,2,360
6778,6778,0,
7025,1329,2,360
7025,2227,0,
7025,2160,0,
11254,6754,2,300
11254,11398,2,360
6777,6777,0,
6512,6512,0,
6512,2092,2,300
6512,11243,2,420
6512,6541,2,300
6512,6610,2,360
6512,8650,2,300
6512,6607,2,360
6994,6994,0,
6765,6915,0,
6992,6958,0,
6992,1334,2,480
6682,8380,2,360
6682,2098,2,480
6534,12312,2,300
6902,9567,0,
6902,9577,0,
6908,6587,0,
6908,6648,0,
7036,7036,0,
8412,8367,0,
6532,7001,0,
6532,6949,0,
11268,11788,0,
11268,11288,0,
11268,11289,0,
11268,11246,0,
11268,11250,0,
11268,11269,0,
11268,11253,0,
11268,11267,0,
11268,11266,0,
11268,11248,0,
6892,6843,0,
6892,6838,0,
6895,6600,0,
6895,6637,0,
7029,7029,0,
6868,6868,0,
6805,9560,0,
6808,6587,0,
6808,6648,0,
6874,9567,0,
6881,6600,0,
6881,6637,0,
6884,6843,0,
6884,6838,0,
8366,8368,2,360
7023,8823,0,
2101,7001,0,
2101,6949,0,
11256,11788,0,
11256,11288,0,
11256,11289,0,
11256,11246,0,
11256,11250,0,
11256,11253,0,
11256,11267,0,
11256,11266,0,
11256,11248,0,
6587,6808,0,
6587,6908,2,300
6590,9564,0,
6590,9580,0,
6600,6881,0,
6600,6895,2,300
6725,6921,0,
6725,6942,0,
6823,9562,0,
6823,9582,0,
6838,6884,0,
6838,6892,0,
6840,10519,2,300
6840,6841,0,
10144,11613,2,360
10144,9848,2,360
6969,6987,2,360
6969,9849,2,420
6949,2101,0,
6971,6971,0,
6820,6563,0,
6820,6489,0,
7001,2101,0,
7001,6532,0,
6843,6892,0,
6858,6563,0,
6858,6489,0,
8617,9562,0,
8617,9582,0,
6987,9849,2,360
6985,6985,0,
6988,6988,0,
6988,6962,0,
11613,9848,2,360
7099,5340,0,
7100,10629,2,360
7100,5380,0,
7100,9492,0,
7100,7100,0,
7100,5336,0,
7102,7102,0,
7102,6475,0,
11808,11801,0,
11808,11798,0,
11808,11809,0,
11808,11810,0,
11808,11811,0,
11808,11799,0,
5352,12173,0,
5352,5352,0,
5352,7214,0,
5352,7166,0,
5352,7207,0,
5352,7095,0,
5352,7259,2,120
10648,10647,2,300
10648,10648,0,
10644,10673,0,
10644,11593,0,
11331,5332,2,300
10642,10642,0,
10643,10673,0,
10643,11593,0,
10645,10645,0,
5354,5354,0,
8960,7357,0,
7236,7236,2,180
10554,7357,2,360
10554,8975,2,360
8922,8922,0,
8922,10413,2,360
8922,10412,2,360
5350,5350,0,
5350,9412,2,360
5335,5381,2,300
12173,5352,2,300
12173,7214,2,300
12173,7166,2,300
12173,7095,2,300
12173,7259,2,300
11754,10629,0,
7081,7177,0,
8938,8938,0,
7171,7171,0,
11739,11739,0,
11739,11736,2,300
11739,11575,2,360
12065,12063,2,360
12065,12064,2,360
7727,7743,2,120
7727,7827,2,120
7727,10198,2,720
7727,12105,2,420
7727,10840,2,360
7727,7658,0,
7727,7727,2,120
7727,8024,2,120
7727,8029,2,120
11810,11801,0,
11810,11806,0,
11810,11798,0,
11810,11808,0,
11810,11811,0,
11810,11799,0,
11810,11807,0,
10736,12104,2,360
10736,10703,0,
12204,7296,2,300
11809,11801,0,
11809,11806,0,
11809,11798,0,
11809,11808,0,
11809,11811,0,
11809,11799,0,
11809,11807,0,
2523,2523,0,
2523,2833,0,
2523,2761,0,
2523,2671,0,
2523,2414,2,120
2523,2016,2,120
2523,1173,0,
2523,2717,0,
2242,745,2,360
7302,7302,0,
7281,7281,0,
7306,7306,0,
11798,11801,0,
11798,11809,0,
11798,11810,0,
7347,12188,2,300
11806,11809,0,
11806,11810,0,
11806,11808,0,
11806,11811,0,
11806,11799,0,
11806,11807,0,
6736,7635,2,120
6736,7591,2,120
6736,7469,2,120
6736,5216,2,120
6736,6727,2,120
6736,7468,2,120
5003,5003,0,
5003,8615,0,
7656,10277,0,
7656,7729,2,480
7656,7656,0,
7662,7828,2,300
7666,10310,2,420
7666,10299,2,420
7672,9652,0,
7672,7714,0,
7685,7703,0,
7685,7685,0,
10840,7743,2,120
10840,7827,2,120
10840,10840,0,
10840,7658,2,360
10886,10888,0,
10886,10889,0,
10886,10890,0,
10886,10885,0,
11785,11653,2,480
7649,11117,2,360
7649,7649,0,
7650,8023,2,120
7650,8030,2,360
7652,7652,0,
7707,10345,0,
7707,7682,2,300
7719,10310,2,420
7719,10299,2,420
7728,7728,0,
7732,7732,0,
7732,7654,2,360
7736,8023,0,
7736,8030,2,120
7737,7737,0,
9683,9684,0,
9683,9683,0,
9683,9854,0,
10893,10316,2,300
10893,7828,0,
10892,10888,0,
10892,10889,0,
10892,10890,0,
10892,10885,0,
10892,10887,0,
10892,10886,0,
7699,10516,0,
7703,7861,0,
7703,7703,0,
7703,7685,0,
12105,12108,2,360
12105,10417,2,600
12105,10198,2,600
12105,7658,2,540
10891,10888,0,
10891,10889,0,
10891,10890,0,
10891,10885,0,
10891,10887,0,
10891,10892,0,
10891,10886,0,
10568,3723,2,480
11303,8039,2,360
11303,11438,2,300
11303,12368,2,420
11303,9069,2,300
11303,938,2,360
11303,35,2,420
11303,12036,2,420
11303,8035,2,480
11303,96,2,420
11303,77,2,360
11303,12138,2,480
11273,44,2,540
11273,11706,2,360
11273,11522,2,360
11273,11523,2,300
11273,4882,2,420
11273,10399,2,480
11273,4495,2,360
11275,11337,2,360
11275,10468,2,420
11275,11310,2,360
11275,11311,2,360
11277,10360,2,300
11277,11260,2,300
11279,486,2,360
11279,11087,2,300
11279,2119,2,300
11279,11357,2,300
11279,11088,2,300
11281,1586,2,300
11281,1525,2,300
11281,423,2,300
11281,10799,2,300
11283,11354,2,300
11283,136,2,300
11283,160,2,300
11283,11353,2,300
11283,11103,2,300
11285,2051,2,300
11285,10745,2,300
11287,11251,0,
11289,11788,0,
11289,11288,0,
11289,11246,0,
11289,11250,0,
11289,11256,0,
11289,11268,0,
11289,11269,0,
11289,11253,0,
11289,11267,0,
11289,11266,0,
11289,11248,0,
11274,11337,2,360
11274,10468,2,420
11274,11310,2,360
11276,10360,2,300
11276,11258,2,300
11276,11260,2,300
11278,11087,2,360
11278,2119,2,300
11278,11357,2,300
11278,11088,2,300
11280,1586,2,300
11280,1525,2,300
11280,423,2,300
11280,10799,2,300
11282,11354,2,300
11282,136,2,300
11282,160,2,300
11282,11353,2,300
11282,11350,2,300
11284,2051,2,300
11284,10745,2,300
11286,11251,0,
11288,11788,0,
11288,11246,0,
11288,11256,0,
11288,11268,0,
11288,11269,0,
11288,11253,0,
11288,11267,0,
11288,11266,0,
11288,11248,0,
11290,8604,2,300
11292,11471,2,480
11294,6512,2,420
11294,2092,2,480
11294,11243,2,300
11294,6541,2,420
11294,6610,2,480
11294,6753,2,300
11294,11707,2,360
11294,6607,2,360
7516,7516,0,
7525,7563,0,
7525,7525,0,
7544,7544,0,
7572,7572,0,
7591,7635,2,120
7591,7591,2,120
7591,6736,2,120
7591,7469,2,120
7591,5216,2,120
7591,6727,2,120
7591,7468,2,120
7576,7629,0,
10567,3719,2,480
10569,3723,2,480
7602,7602,0,
7622,7622,0,
12239,12208,0,
8763,8073,2,360
8763,8044,2,360
8763,8913,2,360
8763,11588,2,360
8763,1230,2,420
8762,1091,2,300
8762,8907,0,
8761,11095,2,300
8761,8860,0,
8760,9505,2,300
8760,8674,2,300
8760,8673,0,
8759,11878,2,420
8759,11873,2,360
8759,11876,0,
8759,11877,0,
8759,11874,0,
8758,8683,2,300
8758,8697,0,
8757,8679,0,
8757,8659,0,
8757,8680,0,
9511,8703,2,360
8756,8756,2,60
8756,10971,0,
8756,9952,0,
8756,10972,0,
12227,8672,0,
12227,8657,0,
12227,8676,0,
12227,8685,0,
12227,8688,0,
12227,8690,0,
12227,8689,0,
12227,8687,0,
12227,8691,0,
12229,12210,0,
12229,12211,0,
12229,12212,0,
12229,3155,0,
12231,11943,0,
12231,12332,0,
12231,11942,0,
12231,12022,0,
12231,11941,0,
12231,12319,0,
12231,12320,0,
12231,12020,0,
12231,11940,0,
12233,12240,2,300
12233,12242,2,300
12235,3053,0,
12235,3927,0,
12235,3394,0,
12235,3204,0,
12235,3769,0,
12235,3533,2,300
12235,3067,0,
12235,12321,0,
12235,3334,0,
12235,3904,0,
12235,7643,0,
12235,3195,0,
12235,3906,0,
10375,10926,0,
10375,1362,2,480
10375,1300,2,480
12234,3927,0,
12234,3394,0,
12234,3204,0,
12234,3769,0,
12234,3067,0,
12234,12321,0,
12234,12322,0,
12234,3334,0,
12234,3904,0,
12234,7643,0,
12234,3195,0,
12234,3906,0,
12232,12240,0,
12232,12242,2,300
12232,12241,2,300
12230,11943,0,
12230,11942,0,
12230,11941,0,
12230,12320,0,
12230,11940,0,
12228,12210,0,
12228,12211,0,
12228,12212,0,
12228,3243,2,300
12228,3155,0,
8746,8755,2,120
8746,8746,2,60
8746,12227,0,
8746,8672,0,
8746,8657,0,
8746,8676,0,
8746,8685,0,
8746,8688,0,
8746,8690,0,
8746,8689,0,
8746,8687,0,
8746,8691,0,
8747,10971,0,
8747,9952,0,
8747,10972,0,
9510,8703,2,360
8748,8679,0,
8748,8659,0,
8748,8680,0,
8749,8683,2,300
8749,8697,0,
8750,11878,2,420
8750,11873,0,
8750,11876,0,
8750,11877,0,
8750,11874,0,
8751,9505,2,300
8751,8674,2,300
8751,8673,0,
8752,11095,2,300
8752,8860,0,
8752,906,2,360
8752,911,2,360
8753,1091,2,300
8753,8907,0,
8754,8073,2,360
8754,8044,2,360
8754,11606,2,300
8754,8913,2,360
8754,11588,2,360
8754,1230,2,420
8754,12073,2,300
8049,12366,2,360
8049,2523,2,300
8049,2833,2,300
8049,2761,2,300
8049,2671,2,300
8049,2414,0,
8049,2016,2,300
8049,1173,2,300
8050,10202,0,
8051,10429,0,
8051,3023,0,
8051,2692,0,
8051,2630,0,
8051,2477,0,
8051,2799,0,
8052,10423,0,
8052,6984,0,
8052,10915,0,
8052,5989,0,
8052,3535,0,
8052,2397,0,
8052,2252,0,
8052,2203,0,
8053,11716,0,
8053,11715,0,
8053,11711,0,
8053,11710,0,
8053,11718,0,
8053,11719,0,
8053,11712,0,
8055,5148,0,
8055,5890,0,
8055,7639,0,
8056,10884,2,300
8056,5844,2,300
8057,11764,2,360
8057,5769,2,300
8057,5122,0,
8057,5891,2,300
8057,5793,2,300
8057,5768,2,300
8057,5494,0,
8057,11882,2,300
8057,5262,0,
8057,5045,0,
8057,10881,2,300
8057,6467,0,
8057,5667,0,
8058,6468,2,360
8058,5042,0,
8040,12375,2,300
8040,8535,2,300
8040,4496,2,360
8040,9128,2,360
8041,11535,0,
8042,11495,2,300
8043,1286,2,300
8043,181,0,
8043,235,0,
8044,8754,2,360
8044,8763,2,360
8044,11606,2,300
8044,972,2,300
8044,11588,0,
8044,1230,2,300
8044,12073,2,360
8045,1572,0,
8045,1541,0,
8045,695,0,
8046,1615,0,
8046,12393,0,
8046,11762,0,
8046,1065,0,
8046,1832,0,
8047,11455,0,
8047,1905,0,
8047,1736,0,
8047,1685,0,
8047,1651,0,
8048,2539,0,
8578,8561,0,
8578,8552,0,
8578,10564,0,
8578,8574,0,
8578,8575,0,
8070,11455,2,300
8070,1905,0,
8070,1736,0,
8070,1685,0,
8070,1651,0,
8071,1615,0,
8071,12393,0,
8071,11762,0,
8071,1065,0,
8071,1832,0,
8072,1572,0,
8072,1541,0,
8072,695,0,
8073,8754,2,360
8073,8763,2,360
8073,11606,2,300
8073,972,2,300
8073,11588,2,300
8073,1230,2,300
8073,12073,2,300
8074,10480,2,300
8074,1286,2,360
8074,181,0,
8074,235,0,
8075,11495,2,300
8075,82,2,480
8075,81,2,420
8076,11706,2,420
8076,4881,2,420
8076,11524,2,360
8076,11525,2,360
8076,4882,2,420
8076,10399,0,
8076,11535,2,360
8076,96,2,420
8076,77,2,420
8076,4495,2,360
8077,409,2,300
8077,534,2,300
8077,12375,2,300
8077,8535,2,300
8078,11302,2,360
8078,35,2,300
8078,8035,2,480
8078,12138,2,360
8060,11764,2,360
8060,5769,2,300
8060,5891,0,
8060,5793,2,300
8060,5768,2,300
8060,11882,2,300
8060,5262,0,
8060,5045,0,
8060,5667,0,
8061,10884,0,
8061,5844,2,300
8062,5148,0,
8062,5890,0,
8062,7639,0,
8063,2339,2,300
8063,8054,0,
8063,8978,0,
8064,11715,0,
8064,11711,0,
8064,11710,0,
8064,11718,0,
8064,11719,0,
8064,11712,0,
8065,10423,0,
8065,6984,0,
8065,10915,0,
8065,5989,0,
8065,3535,0,
8065,2397,0,
8065,2252,0,
8065,2203,0,
8066,10429,0,
8066,3023,0,
8066,2692,0,
8066,2630,0,
8066,2477,0,
8066,2799,0,
8067,10202,0,
8068,12366,2,360
8068,2523,2,300
8068,2833,2,300
8068,2761,2,300
8068,2671,2,300
8068,2414,2,300
8068,2016,2,300
8068,1173,2,300
8069,2539,0,
8755,8672,0,
8755,8657,0,
8755,8676,0,
8755,8685,0,
8755,8689,0,
8755,8687,0,
8755,8691,0,
8577,8561,0,
8577,8552,0,
8577,10564,0,
8577,8574,0,
8577,8575,0,
8396,8396,0,
9199,9186,0,
3663,1442,0,
3663,1430,0,
10198,10198,0,
10198,12105,2,600
10198,10840,2,600
10198,7658,2,720
7768,9667,2,120
7768,8025,2,120
7768,8028,2,120
10294,10893,0,
10295,7835,0,
10295,7890,0,
10295,10295,0,
10299,7719,2,420
10299,7666,2,420
9632,9632,0,
9667,7777,2,360
9667,8025,2,120
9667,8028,2,120
7956,7956,0,
7854,7854,0,
7851,7857,0,
7851,7851,0,
10885,10888,0,
10885,10889,0,
10885,10890,0,
10885,10885,0,
10885,10887,0,
10885,10892,0,
10885,10886,0,
7865,7868,0,
7857,7857,0,
10343,10343,0,
11305,11305,0,
11305,11245,0,
7979,7979,0,
9665,9665,0,
9665,9701,0,
11032,9671,0,
11032,11032,0,
11032,11998,0,
11027,11028,0,
10451,10451,0,
7777,8028,2,120
10305,7785,0,
10305,10305,0,
10305,10300,0,
10310,7719,2,480
10310,7666,2,420
10316,10893,2,360
10366,10840,2,480
10366,7658,2,360
12108,12105,2,360
9658,9658,0,
11029,11029,0,
2663,10245,0,
2663,10288,0,
2663,2663,0,
10429,10429,2,120
10429,8066,0,
10429,8051,0,
10429,3023,0,
10429,2692,2,120
10429,2630,0,
10429,2477,2,120
10429,2799,2,120
10202,8067,0,
10202,8050,0,
2688,2696,0,
2689,2695,0,
10247,10247,0,
12318,1482,0,
12318,1709,0,
12318,963,0,
12318,1387,2,300
12318,2742,0,
12318,8139,0,
11934,11934,0,
7827,7743,2,120
7827,7827,2,120
7827,12105,2,540
7827,10840,2,360
7827,7658,2,120
7827,7727,2,120
7827,8024,2,120
7827,8029,2,120
10272,10272,0,
10272,7650,2,480
11559,8023,2,120
11559,8030,2,120
8970,8970,0,
6318,6318,2,120
6280,6280,0,
6280,6215,0,
6280,6153,0,
11948,11948,0,
7869,7869,0,
7743,7827,2,120
7743,12105,2,540
7743,7658,2,120
7743,7727,2,120
7743,8029,2,120
7926,7926,0,
6313,5547,2,360
6256,6303,0,
9635,9635,0,
8921,8921,0,
7076,7152,2,300
7076,8945,0,
7169,5345,0,
11801,11806,0,
11801,11809,0,
11801,11810,0,
11801,11808,0,
11801,11811,0,
11801,11799,0,
11801,11807,0,
7357,8960,2,360
7155,7155,0,
8928,7073,2,300
7328,7261,2,300
12366,12366,0,
12366,8068,2,360
12366,8049,2,360
12366,2523,2,360
12366,2833,2,360
12366,2761,2,360
12366,2671,2,360
12366,2414,2,360
12366,2016,2,360
12366,1173,2,360
2012,2021,2,300
10235,10233,0,
10235,2708,0,
2020,2020,0,
10833,10833,0,
5359,5359,0,
5359,5346,0,
9298,9299,0,
9296,11264,2,300
9299,10835,0,
10629,11754,0,
6038,10189,2,360
11593,10643,0,
11593,10644,0,
11903,11901,0,
11903,11903,0,
10673,11593,2,360
10673,10643,0,
10673,10644,0,
10701,10189,2,360
11611,11611,0,
11611,11612,0,
12373,12373,0,
12373,8060,2,420
12373,8057,2,420
12373,11764,2,360
12373,5769,2,300
12373,5122,2,360
12373,5891,2,300
12373,5793,2,300
12373,5768,2,300
12373,5494,2,360
12373,11882,2,420
12373,5262,2,300
12373,5045,2,300
12373,10881,2,480
12373,6467,2,420
12373,5667,2,300
5852,5852,0,
5854,10159,0,
5862,5844,0,
11860,6000,0,
11860,5743,0,
11860,5633,0,
11860,5700,0,
11860,11861,0,
11860,6077,0,
11860,5464,0,
11860,5593,0,
5601,5621,0,
5601,6464,0,
5615,4933,2,360
5615,4925,2,360
10428,10428,2,120
10744,10744,0,
2349,3656,2,360
3140,3613,2,300
3140,3548,0,
12291,3656,2,300
12291,3633,2,300
9574,6691,0,
9574,6675,0,
9577,6874,0,
9577,6902,0,
9580,6590,0,
9580,6646,0,
9582,6823,0,
9562,6823,0,
9564,6590,0,
9564,6646,0,
9567,6874,0,
9570,6691,0,
9570,6675,0,
9560,6805,0,
11255,11255,0,
10329,2725,0,
9721,5854,0,
7050,7050,0,
10746,10746,0,
7063,7063,0,
5561,11122,0,
5561,5583,0,
5567,4933,0,
5567,4925,0,
5585,5621,0,
5585,6464,0,
5239,10224,2,360
11820,11302,2,480
11820,8035,2,600
10213,10213,0,
10811,10811,0,
10819,4750,0,
10819,10764,0,
10819,4722,0,
10819,12054,0,
4674,4674,0,
4674,4644,0,
11867,11867,0,
11867,4461,0,
8467,4711,0,
12054,10823,0,
12054,10819,0,
4734,8636,0,
4722,10823,0,
4722,10819,0,
10764,10823,0,
10764,10819,0,
4750,10823,0,
4750,10819,0,
4756,4756,0,
4756,10328,0,
4660,11867,0,
4660,4491,0,
4817,4817,0,
8497,8497,0,
10823,4750,0,
10823,10764,0,
10823,4722,0,
10823,12054,0,
4835,4835,0,
